9024
8072
26824
27698
14375
13980
9589
9905
21593
10047
2849
14637
5030
16720
64
11799
23886
31587
23592
3647
10866
28515
291
25240
4297
2684
23747
827
26004
29751
17014
22447
3284
28903
21594
27752
18618
17221
28243
397
7519
20823
18266
30463
7349
4246
15640
14742
11966
32079
32179
5550
10747
8522
1000
4834
20520
28074
6490
15639
806
27668
21289
32445
17977
2835
15559
28753
24435
2491
9479
16678
11632
18061
16759
7526
1348
30107
7152
13651
11442
493
32363
18899
17567
7714
20758
25132
14277
18522
7848
3852
428
17748
13041
24268
25046
22228
1973
26357
20282
12616
29626
1796
16373
29866
20512
18538
6459
11432
2033
32727
23443
7171
17913
5048
24388
22325
13528
3071
13578
29270
1365
20258
32526
17984
12021
12390
22037
4338
7885
13149
3832
30002
18580
10413
29780
7543
19964
2068
18562
1541
12354
11177
9162
12890
16388
20581
723
20937
16212
32737
6494
5989
27146
18273
15668
18720
22622
24594
32093
18996
28598
11408
14739
9410
21948
12203
19959
22201
6580
24683
9986
26106
2061
32594
20925
32698
23605
20704
23605
10023
17586
24925
6697
14158
28015
13778
8711
15420
1107
3673
5655
26467
27672
7574
3573
9024
4443
22918
13380
2619
5615
18807
27809
17615
18039
30040
5590
4842
3636
23091
15440
1175
23835
2040
20692
9690
13355
19580
14189
8667
19453
4033
17065
8519
2461
17784
28420
26612
13720
6084
29349
30148
10582
12097
30024
11979
26282
15429
1148
20148
19880
9574
6158
11104
25783
32572
15045
2769
26343
12648
11087
4167
3204
27860
2428
1192
16875
22333
25514
32293
16540
4079
14465
11035
16017
29136
16608
17463
10190
13984
5654
27102
5690
24447
2134
28876
31661
1712
14693
25083
12874
32412
20374
12742
26383
25114
21752
29262
4778
31213
5838
1309
29838
7054
6463
4105
17479
25901
29519
14683
3338
31474
9998
28465
26513
10632
18959
15905
1574
4572
4636
31519
18173
16930
6696
17569
16582
24602
29573
7937
32131
18577
22360
12322
22423
18474
3145
24150
11552
20830
21631
22143
23943
21442
30667
15733
17750
6280
15907
4264
11337
18505
28243
31239
22951
32258
9455
6944
17106
2908
6028
5000
2077
21040
6191
18045
13279
22346
27910
9162
28614
29293
20566
30699
9325
16280
11445
1906
14128
13704
27001
31145
23103
1406
23408
22137
8945
10306
11730
7050
23131
15464
22387
11436
15394
6610
28733
9078
6029
15990
31454
16940
1758
30817
30398
3558
12515
28924
20020
21487
18632
32143
29945
7788
16431
22787
19165
23614
24450
10988
5816
16425
14472
32711
11684
6965
10039
5759
6761
13908
21706
10039
22841
28486
28947
1859
31646
7354
5649
20087
18608
32182
2501
24997
11659
14392
21058
1633
4608
11038
20484
25607
25995
5955
21122
5632
30853
25579
23302
13120
30107
609
445
28435
3967
13534
12554
14106
14045
15533
11040
29328
27793
13197
3536
18130
1047
5207
18591
1311
27203
14048
14620
9628
17458
17185
24945
29595
31360
24469
27959
20252
1211
7907
30863
10132
2328
28861
19822
5102
9317
6664
2872
11216
28223
30781
27793
1567
3461
5135
8048
197
28941
18254
25460
13746
149
31243
25212
16672
23036
15101
30578
15644
28338
14115
22375
5698
5485
21675
20709
7624
25629
29971
5504
31934
26147
8846
16815
27795
701
11433
5850
22748
10181
30766
7092
20049
3228
1608
5835
23320
8545
30441
5982
17479
32358
2665
110
13476
26596
26224
18967
18607
14829
8725
27937
7138
20643
23879
11475
15159
16552
26476
13063
8427
29653
14665
12932
7553
32303
17954
903
21003
16150
26658
28323
8101
8896
27645
6603
12354
6118
32723
19374
31915
3517
2392
31043
29636
3624
10034
20900
10001
18476
24994
15391
8314
7844
20071
31882
17739
3894
11231
29144
27263
1413
14192
8938
32318
28328
17190
3495
27300
8412
20125
27727
5572
27509
10018
25868
8941
25371
21269
22475
22828
15922
19601
15945
21265
21914
20304
21105
23478
7577
15816
28389
7422
11029
24986
24027
795
6407
2861
2602
31059
25132
21654
18084
25603
766
3004
8103
31716
30690
1977
27375
28301
27555
28035
2478
26681
10783
10187
4319
27339
11072
5669
19415
5647
18990
14186
19741
17731
31939
21338
379
9686
8000
26502
31061
11119
10302
23406
23610
1329
22759
16358
15033
30782
15717
7614
12918
17273
4507
6049
6269
28817
24083
25406
7637
13883
24888
23974
8793
20414
6342
16117
10691
28085
32638
12597
9994
9232
21278
20095
4590
31069
30352
19043
31440
31558
17506
19083
4296
31834
25974
12954
19954
24336
32763
26458
15880
4616
21147
19735
4918
8597
4086
1350
32041
633
3664
12139
30314
31215
8070
12601
31722
18159
9543
18938
25310
28845
13696
30001
16588
24163
25368
24702
6630
7248
32478
30915
18840
29184
25792
21125
22877
11727
10557
29077
14806
18857
15133
13295
4637
19731
19807
25570
6487
4207
7539
13681
11912
17787
27049
13050
8876
26908
11242
23829
26883
602
27814
447
8620
21163
16909
3768
12917
23412
20354
25385
25074
23757
22860
25738
10444
12677
16527
23235
11612
11365
31611
22417
7544
23225
24004
11564
23181
20493
17746
14375
11246
24373
32569
151
27500
25744
30955
30327
24615
1421
4525
19787
15268
2413
8263
15108
27935
12107
256
7716
16162
9562
16329
20258
29526
1391
12985
8464
20634
31423
6329
21883
22354
29929
4225
1939
4097
3127
31683
21131
10267
31520
8869
14147
20756
20754
11125
1317
5565
17007
15000
19021
6608
14806
20164
3820
30665
3747
11632
24558
12536
1209
29576
27866
25557
31103
7780
15610
15507
25128
8443
16317
21496
32568
22868
15449
28779
26947
31294
25780
23887
23288
15681
3973
19599
23647
28884
23990
30330
13151
14032
20238
27602
15747
1829
2572
19999
5886
19148
23318
25161
13036
8957
11987
12646
18650
12449
3029
11217
15241
28682
20347
636
23791
31970
12821
10887
13183
21089
22090
16145
9386
23491
26551
13646
10406
26874
3289
5849
27502
23456
12333
13900
32522
8239
25749
4623
784
18292
26878
22893
25963
21569
3904
18413
8283
4451
2629
19167
6589
979
26478
9525
1933
19761
14130
1428
32169
4717
10505
17067
2263
15048
7816
12740
31498
6907
31181
19352
19681
24757
11037
4968
14449
21067
16844
29769
28996
13995
1117
2240
7585
31123
21483
142
29966
24576
24264
6349
10260
24808
26211
23100
30018
30251
7279
4568
3957
31176
23361
14252
14678
25420
15738
14313
14883
31121
22759
21049
4019
19620
8357
849
436
3079
12937
11461
31288
3353
5054
28449
18288
5586
8368
27189
10934
16307
13353
22448
22737
1789
18874
13297
20341
23074
8029
26905
9226
15737
6744
12389
12206
22325
29541
7611
15485
30616
28175
2434
6160
29028
8031
19639
12099
22163
1976
829
5948
27975
1024
18549
10153
28932
23040
8719
2632
29725
25614
3360
25517
30060
8169
24948
31040
32326
9444
32549
30853
23726
17735
31340
17312
19913
24306
14776
26392
11411
8003
14845
7387
30927
15930
27983
130
19012
29915
26543
22743
1062
13012
20005
6804
23763
22368
15375
2158
3520
29035
4792
5202
16306
19191
26412
26095
1841
17342
587
10868
1337
16153
10013
4507
52
10528
4965
7142
2341
22291
28281
7720
294
18169
6736
7752
4884
646
6877
27970
30089
10562
1947
8814
2314
26088
15210
23557
9858
21260
13977
26849
12783
4865
26436
16260
17756
7930
19424
26204
2063
4463
9236
12614
1539
28611
9162
30800
7065
14115
23687
11203
18826
12465
20727
26977
1312
20706
26317
30443
22694
9764
10954
17894
26653
6853
6938
25759
11824
3600
27623
109
1386
2233
31273
23862
20903
4219
24763
26164
24008
24319
25524
15353
16811
0
9716
25521
25691
6829
23805
31656
28291
27214
30469
6412
16681
10795
26441
13043
17560
30889
3235
16031
9118
30135
26207
24833
18168
8296
2891
22909
9483
14305
5901
2541
14805
9078
441
16360
15138
9744
5539
9028
23811
24786
30578
28121
14972
26876
29814
20616
13949
29967
2876
10621
26899
25906
25183
28592
27872
10964
8608
30642
8393
21395
24889
30118
12782
15196
9071
24717
479
10708
3175
6856
15629
24311
19514
983
13694
21247
28491
22375
21957
11656
2265
32140
16434
14321
27600
12363
28230
20229
26085
6747
25705
6107
12513
21292
19935
31738
3645
23593
5369
12481
16624
827
19336
19975
22917
20110
30615
14334
2160
21911
6234
24669
27298
11094
30561
8894
1115
15832
6673
16452
24128
20225
26453
16002
30893
27272
21905
11672
2380
32067
13528
6559
14055
29093
26974
11080
18298
30085
10800
15295
29837
19744
6178
24534
22976
22370
16649
11871
12712
10081
25387
17881
21721
22315
1268
21840
12100
30657
13547
11390
8132
16995
1508
5942
30195
28430
7030
2051
578
21572
23215
22028
27721
13323
4871
4666
17243
23096
13203
14237
32094
28653
24699
15116
22489
10337
31918
15884
20303
10975
31700
26868
8396
24082
4229
12366
2493
30847
2744
2431
14852
31315
31358
21163
11340
29791
27376
29139
22682
16481
18789
28480
29989
3717
19689
3877
14696
27691
29163
11904
22389
10219
24118
26433
8076
14038
16675
16302
492
32511
1036
26886
25321
11067
24323
20836
30015
27684
9668
3303
3750
19044
24809
23056
10919
28208
1885
17771
4013
18
27667
12402
19039
1772
13304
16302
29485
26426
26662
29727
29225
26519
30810
29662
13593
24195
16808
17921
3018
28003
28013
1471
7847
27849
15494
20693
13193
28150
4799
29991
13521
30109
22158
8619
11957
21482
30978
7811
14039
15811
14838
20585
29212
2894
31882
2896
11451
16307
16340
30792
14484
15907
4050
4771
1476
20505
675
86
10614
24799
5623
18850
18171
4693
197
13299
3870
3822
19772
17416
18865
15611
20219
11092
7532
14124
18820
9380
2552
11859
23278
1027
18502
6252
32475
32218
1317
20699
15786
26972
10772
3572
23534
545
10324
20416
7710
27921
31298
11262
29838
1156
20196
7017
9117
12200
5058
11321
15408
18722
20727
15852
30816
22776
2951
10822
20592
9646
8691
32663
23554
24751
22283
12348
21386
29167
32516
23400
17922
9935
714
4901
22240
18497
11671
17301
6213
23596
30917
8062
21879
5650
18913
13829
24977
15088
22272
5562
15993
31845
9558
8405
12307
3863
22020
30399
4020
83
13618
5845
29658
3827
16222
8296
26
2949
4339
21512
29017
937
29726
14850
14911
15547
221
4647
17385
16818
857
28879
9950
2120
7285
11550
28741
29020
20647
1158
18261
10388
30983
6029
1804
10054
19109
9169
8228
24217
26656
8009
22339
19687
12660
6349
13170
614
17940
473
12496
22792
27961
17806
2951
25503
22649
20729
14080
22597
29851
28824
21843
31227
15530
10010
17154
17808
17224
24935
2790
26053
26181
11232
22121
12974
24688
19688
11766
16475
11693
26787
7598
16568
30024
4605
4701
15538
28297
27887
684
26779
29577
17918
14488
6096
13891
17156
20258
5017
19438
4402
14408
22864
651
13398
24373
966
13498
23386
15029
25570
4049
24077
25579
3211
47
18471
1350
21960
14286
5511
13745
6950
792
958
5130
14683
24572
7377
14038
3880
2880
24379
17459
1412
30745
10034
17933
25334
26105
15659
3733
28227
2216
11680
16623
9289
30358
19985
21035
1323
20848
4937
5751
15534
23793
7394
11923
10723
30715
6667
27013
2567
11238
27529
28301
19111
17944
9980
17243
18183
12245
24420
640
29893
30809
22243
22051
17338
17700
32197
2805
13601
7318
25277
20327
28155
16059
30833
29466
18610
104
21561
14998
10748
23687
18980
6976
7426
12207
2621
29574
31426
20984
8972
4957
8369
781
3423
10477
31397
23682
9546
25994
25587
15976
13420
28391
9172
27167
29044
28806
2318
16236
6372
24947
26832
20427
789
21042
1245
15367
23419
22262
7404
4103
23851
25108
12111
4331
14490
8886
11476
12632
1704
15316
9193
8207
27869
26464
9987
9413
22258
22977
29248
16175
27027
31107
5195
15452
4707
16205
7808
13895
22849
21011
8272
12717
22218
13196
29159
19996
29726
4327
4621
15437
22503
3002
6986
28339
9368
3899
5198
14420
27635
1458
8079
19928
31694
558
20020
23775
26646
12919
6706
11672
30228
11589
19381
656
19695
28847
19905
10951
3955
9446
13849
31241
17168
30499
1120
7035
10278
8414
23678
29301
26496
28481
16453
32143
14622
24284
3157
28671
26679
8090
15420
29986
22654
5364
14818
21080
28837
9828
15397
23317
3615
29725
30912
27445
26155
17401
11633
23440
30734
15027
17499
9423
29855
13654
6057
9342
16137
22261
6260
14434
27341
7837
23782
9228
23302
6536
22944
29870
26353
1427
19034
22318
10156
30706
3529
5241
21310
23587
30918
10266
18648
24352
25772
9483
12891
6873
32002
23754
24345
5601
4186
31920
15328
27496
26744
5503
3125
12137
28087
16698
18653
25380
6569
23353
18338
3535
31998
32380
4179
19849
23719
15936
781
29839
10811
19664
13241
1714
23449
1182
7894
11017
26063
1938
7033
26083
24378
26786
11921
12031
3311
5027
9072
14336
24410
26462
3463
30491
8741
13799
6001
18963
25435
7978
17204
17767
21966
31175
32707
970
12982
15904
14279
2515
24218
10159
15774
4598
21876
158
14500
21683
8720
19345
30642
8461
25781
16327
19685
22846
11527
19297
22177
10153
11052
4097
22997
16
31790
3479
4480
16647
5536
28536
6004
2472
5253
12209
19034
6025
29549
1178
21750
16619
27617
19630
15020
24372
1793
27801
3395
15776
8556
21395
12266
24627
26208
6637
19320
14066
1571
28137
22520
4434
11169
17103
24421
26097
30038
30269
23986
17028
30062
24511
25101
30736
32043
32415
21861
22366
14216
14847
2602
4521
22300
26404
31060
4505
23360
2581
20646
24693
12404
1125
13876
27540
12287
9805
25891
15892
17110
22014
1968
719
11199
16692
29299
25227
15542
19727
9445
4721
31632
14367
13089
9921
31198
8893
31975
32195
25620
29090
21990
22273
3051
16050
827
27315
29187
19481
12853
5499
4813
11673
19547
27730
31400
7202
19632
19650
25930
10148
31285
15703
27746
15137
11184
12880
2427
9990
30892
2713
28452
9659
31681
22782
32078
3705
2581
19865
21749
10844
1059
21388
20227
24505
9147
14070
23153
10161
27466
26399
1455
518
6748
10486
14150
23342
19295
19902
22972
6310
7850
16900
32439
16265
5822
2260
15718
26977
2507
30508
20509
31549
19574
17329
13631
21252
31193
16033
22369
24328
31947
17929
172
21470
15970
19000
7555
29806
7607
30323
4710
8262
5353
20970
10519
7220
12133
27883
22779
18707
13668
28246
28354
15589
12469
5457
22347
29218
11964
828
4545
336
25531
25064
3339
6356
4944
14851
29795
9992
25151
3543
12100
27277
30066
3125
6282
23779
574
28587
12501
11062
13288
24061
20526
12667
2664
23507
6893
11196
5740
10416
15833
4528
13984
5923
13714
20623
14893
13633
9516
22308
3199
22866
29
10276
20044
26315
2905
26302
32722
24445
31163
4467
8288
5387
10151
24360
26391
3745
14830
29306
30962
30435
9201
22353
16388
9764
22794
32440
18433
7385
11559
11500
17408
589
10424
3506
8575
31638
21452
25326
19624
28359
15478
370
2515
1639
15478
4116
2123
2338
16917
15619
4693
22975
8273
23899
32366
13138
10810
10998
17877
30131
7580
5254
25673
5678
8414
21472
25876
2172
22570
16027
16712
13298
21967
1242
29513
18681
27107
21094
25483
2750
5420
1536
4765
24875
9025
29429
9319
18197
12268
24818
12464
26807
7123
15898
31971
1631
13399
14166
786
28519
4797
10988
27195
10599
30347
10580
21450
6057
7989
30791
8800
14045
26873
19480
7635
16654
12552
11079
6262
19925
17638
12372
31130
17101
24851
7633
20820
10310
747
30907
22913
13886
4555
7434
2056
11661
9077
135
5727
20831
24502
6110
8785
5351
18246
4596
19454
20818
25071
23930
29987
6138
6129
11459
1435
29917
15014
27602
22822
13645
98
23736
14954
1769
30621
19997
3895
715
13652
8220
6671
30979
17068
2900
29926
4164
3545
24123
10534
3550
25150
9398
2294
23020
11221
28135
11708
5071
2514
9286
16352
19163
29827
11252
27604
12111
31355
15180
10321
20363
22767
8634
12771
13693
29536
28880
24487
30813
28282
15254
13651
5786
29245
24610
22136
11284
22362
3945
16132
22667
17376
1877
25867
27223
31511
13080
10183
8538
25772
9663
12253
7732
3855
8970
9441
20917
12570
10875
23581
152
28403
14509
25742
12142
26163
13031
5168
2776
17736
12529
31356
8185
29208
6438
23598
31019
998
17099
7243
29425
5242
4767
13923
23854
11388
17843
11795
15508
20258
24188
6095
16478
26891
26663
7902
16450
9834
1068
11430
22177
29798
30246
5418
27394
12737
8674
27857
16574
21176
12214
27497
24060
31787
19220
107
24288
23038
12126
31873
2304
13503
30460
29765
13080
2697
24749
16460
21758
12072
32538
15971
21464
14205
1713
14360
24204
13348
11696
4733
28280
32597
21120
11048
16484
8712
23621
1662
22964
5213
2483
13106
28130
23866
8739
1800
14380
21814
15590
6367
7562
4278
4825
7150
10979
13653
3641
78
17280
16010
3257
31928
5057
30085
2002
26001
7183
8281
5979
29987
26641
11360
601
26926
17955
22491
21016
6559
4868
7898
7035
27807
28110
28508
29328
19407
26668
26806
15463
32466
1735
10809
21285
3853
9729
29967
12372
6314
5862
9574
4477
11491
2143
18129
19193
10621
4265
18410
15620
10642
27398
4413
7955
29588
15795
865
5480
2191
31769
8296
17635
14510
14663
25722
22811
24833
32416
4540
12461
13949
31441
29558
9172
16965
7431
23670
6458
29480
28766
25775
23822
26730
19356
10790
28247
22983
10527
6415
13960
16565
15124
32562
24404
9962
4074
28308
15043
15902
23302
13140
29062
9490
13753
24787
27528
32209
27759
14871
9925
14645
11305
31090
28767
15278
9261
15198
13294
16191
28667
4268
21784
5833
23940
31710
18275
13964
25495
24017
22598
9707
23708
5535
24454
15983
22916
22467
18880
23567
8448
126
12609
25263
12017
25978
31006
15590
18464
27310
7810
14340
30256
24193
13378
24916
32721
24882
15543
18590
12598
23415
21964
19440
2248
18532
27478
20638
7196
22159
25508
3464
18722
9330
31319
19099
1952
7184
15732
14747
28383
12764
24760
19487
17317
2774
23340
10973
8802
19959
761
12839
6574
9423
7036
6070
18675
12141
2461
7591
22375
28543
8797
30403
22334
28346
18351
16387
26909
9340
18313
13139
13265
24240
12602
30615
1089
12787
5374
12780
10657
13556
25040
15408
25065
2849
21887
9412
27270
640
13060
23440
2383
18650
13075
12360
8634
31775
25328
1518
10832
6662
25988
24473
5726
4852
19120
10868
2030
1055
28897
26889
24053
23795
9445
9152
29390
29621
29693
17058
7911
19814
25651
13411
21435
7402
1773
1696
25344
15721
6595
21349
17953
11254
10638
10226
31214
17518
27585
18623
17043
17827
16893
30397
27590
24762
7135
6623
22853
22482
11037
29913
31616
28647
7633
17960
31890
14837
21268
31314
14710
30560
15823
21359
23416
7571
27086
10728
9705
15591
22294
10879
19479
20167
8057
13711
25469
12051
6759
17301
17974
17601
29447
29424
31160
7626
25734
8933
28094
580
4272
16358
10118
17099
9405
9492
11581
17958
16493
14082
17848
6696
21335
7100
24676
3027
25725
13320
14720
2756
30757
14827
3721
23499
2020
10351
30454
24281
16636
20644
13606
27679
31976
16357
5015
3188
10292
23388
8792
4343
2962
21705
26817
19958
11051
23678
24417
32015
12339
13486
17976
2709
4288
2536
11046
21046
27100
13535
13476
3802
16344
18796
1202
461
6372
5846
18448
5409
9693
32080
17841
32078
28006
15555
621
7708
11578
8398
19702
14019
26049
11788
17933
6480
17377
13461
14582
29002
23830
27591
22569
23958
29125
31558
12874
24984
10701
5441
29531
29083
32608
1527
17969
7795
19473
23674
27172
9312
11309
4275
20747
24886
11343
19111
22888
30139
29999
12024
30943
5713
27067
21679
27373
20181
27497
18488
14294
15814
14539
16302
10207
2730
6756
25690
30398
7085
20922
21878
23375
20108
32428
18486
14216
14513
28422
26889
1199
12960
3155
25116
20426
12945
23538
11039
23128
14942
17772
1613
13118
23712
4869
20134
23556
7445
24721
31615
20033
12358
27785
32061
30036
24166
32606
22366
28757
3452
23821
7097
12364
14021
29940
11014
18080
19283
17380
24224
30674
19451
7287
32650
26218
6254
18852
11952
27186
14758
16272
8816
26531
11140
20135
23897
15261
27063
3308
16947
3931
17375
27021
10559
10405
15602
7867
23232
2631
31199
30136
4793
30915
882
4402
29177
14147
24440
12751
85
4305
17699
10505
9269
458
28848
28220
13138
5520
23110
2557
189
19584
21538
19374
3108
7716
21489
32079
13905
27561
27517
2455
7923
30355
13452
18500
4001
12207
13317
25775
6172
29257
30805
4771
16340
32672
30481
1391
28846
20119
28125
23866
32517
941
19084
32407
29423
9519
24201
2138
30401
24493
24949
23465
3797
28330
1809
27222
32394
32151
11359
16236
32397
5379
24580
30215
10327
26636
18929
4713
15095
5657
13890
29003
7442
13515
18278
16753
16424
13872
4993
15233
18712
32570
12558
3093
8679
17008
30409
9231
22717
29412
29388
25389
28720
25445
23800
20701
1221
26101
2198
22354
27572
32638
6462
13527
12012
960
32504
5987
2647
11662
32162
5742
20063
1850
17298
32516
19377
14158
21372
9752
11329
1404
17813
13594
23950
11224
9208
9420
28711
18501
26185
23121
4206
557
20633
6790
31900
14454
14730
18326
7173
19377
31668
7369
7070
22676
5703
23709
13244
30378
16625
9496
31518
20297
30466
24156
27438
8389
15822
30588
31108
483
10834
25998
27308
31120
27163
6402
16937
16083
21348
23858
29625
13569
16511
22073
14811
30768
14966
4361
13711
3565
14065
22968
15197
3634
27994
19483
29080
22674
1856
21142
9188
10679
12281
1842
28662
9486
18316
10992
12187
9921
15566
10078
17404
29158
21194
20071
9760
3830
21862
19567
24754
28288
324
160
22277
9246
8935
12158
32085
19881
12567
17346
26192
31401
26246
4453
18900
10255
7859
20219
26875
9255
31247
14658
29525
28360
3423
5371
20852
27086
8289
760
30894
28105
16306
23159
11294
5879
9711
32174
20204
24176
16410
23719
11214
21409
20800
6734
21967
2555
31065
1993
1616
3820
9072
27143
7244
31759
7940
15772
8416
31136
26797
27852
29962
17714
26115
11237
3249
4260
6331
28627
23269
19793
3347
13038
21353
14215
1905
31766
9582
13883
13638
23554
5026
25338
25913
21717
3433
20003
2690
24562
28010
21332
3987
1554
334
4642
15358
15764
16068
24333
12691
788
18889
16562
17608
24638
12326
19779
13407
21732
32314
31797
1090
22095
4345
16440
32690
22739
18741
32108
9888
6054
1053
12242
2651
3827
32003
22017
23916
23593
31842
29722
15038
30873
30751
17149
26627
576
2319
24509
5970
1761
22970
3922
27669
1368
29278
27278
18210
6442
1591
1619
7720
1120
9726
27650
25165
2966
31664
30262
14869
22607
29584
26035
4742
21899
30319
17049
19338
15004
6443
24030
916
14389
25974
1786
18054
31684
8152
18916
9171
32001
12023
18750
28640
18887
2071
2252
13489
17444
17629
15403
5569
1708
18008
28096
11057
25362
2370
4590
6181
12025
3970
23180
24684
21255
758
24214
16735
20539
30064
27170
4619
12161
25086
2710
28306
3972
21359
11033
13006
17604
21522
21831
2104
16360
2753
27177
2824
11861
10526
26468
19102
2303
3869
3248
10529
1407
18371
30092
24166
7527
17197
31537
8723
8146
29139
29380
16644
319
9486
7119
8685
23967
22744
21234
32065
24748
19155
23766
19539
2173
654
23907
13244
30295
12035
20275
27900
16839
32100
3910
29540
493
19735
20727
30771
283
25855
3630
25087
20127
3581
18392
23382
8924
14006
10900
13478
18848
1175
27567
7514
1713
30231
29267
30790
10409
31292
8443
20293
15876
8545
21290
10784
8312
19254
25437
19634
19077
30216
19774
8266
11084
4931
16410
19537
27812
1333
13717
16941
24427
10772
24733
16484
538
6211
2204
4357
21916
28625
9458
1860
29793
25923
19618
100
8110
27027
20043
27610
14135
4984
1115
7855
20207
11752
14719
30246
22303
4059
12638
3487
2741
8531
10630
3003
6111
12697
26278
19137
14041
713
8703
24640
8964
11920
27413
18422
10807
18485
20906
13809
18009
24534
27628
21492
30000
19189
3310
28188
17012
22067
16213
21187
14376
17498
22612
27045
10538
16033
14042
17985
2568
6700
777
14723
19477
5843
491
9887
28348
31524
20832
8000
15125
12715
8283
2786
23990
19313
14158
23932
21196
3010
25827
8547
22634
24883
8941
22635
23328
28644
1950
30799
4304
4355
22266
1619
13757
27537
18571
5671
8165
2665
21847
12303
7313
4990
8719
25153
19498
1124
22921
398
28750
6162
2928
23877
24611
14822
25403
27221
5867
10729
19291
10673
4313
13909
20665
19961
27171
11860
23135
25686
29785
29195
2421
1190
13813
17367
21872
19673
2099
16086
14470
11162
18211
5802
101
15922
18428
1145
5924
17834
2483
1336
22650
30512
21452
19754
18222
11197
14193
5283
14030
13044
9921
8722
15780
19788
5738
13630
742
4465
23930
14288
15661
16616
18290
22290
29992
20466
3228
27382
24722
9396
9375
20058
26977
20884
10065
3210
13633
20198
12236
2055
16704
30664
30148
32391
26059
20042
4376
3644
22233
19155
7078
8281
29798
15040
9572
23763
32547
29261
11949
2916
1388
21945
7384
1494
7290
32165
23823
8062
14810
31422
10590
9735
16669
31899
9227
24433
6610
24552
15654
10584
25009
26565
5728
7546
3865
9833
22817
24436
6077
22795
13012
30668
28570
15106
27526
24628
29740
5163
19119
9485
6113
1675
15951
16427
25038
24373
30781
4312
5536
28270
30140
5403
6102
11024
9552
18490
25134
9516
7888
19069
7261
3059
8635
13877
11523
19159
19919
17917
22238
493
18904
12352
13886
23958
19655
23547
12985
4446
15619
21188
14623
31268
23044
5132
20913
11132
9245
11681
26253
27729
30361
15734
20077
26319
2058
16551
28561
3967
17630
21432
3834
1972
14387
18462
8153
32551
30445
13056
10055
22750
16645
22846
2102
5970
19747
7347
19368
21456
29296
20151
14623
17696
9381
3048
21332
6501
30313
1323
3371
10052
5593
23021
19175
14920
30568
26543
922
32389
8937
12993
5856
20348
22250
19533
10957
28223
30276
22936
9764
25302
29680
8325
6858
3296
12572
15707
13434
10109
382
26055
32697
17516
18921
23845
7437
625
27934
32251
13418
762
31460
31942
15597
25345
21851
18426
27853
15156
16525
10564
25998
27476
4166
3090
28791
13531
26662
3413
24391
26849
16884
14469
25892
11584
11829
5606
31700
7415
765
28171
10543
18380
27910
26264
14548
21814
5887
23628
15900
20089
23334
7742
29260
21523
13081
28262
17167
16983
23017
27488
9507
2392
21617
18285
32594
15368
21478
28859
16804
6817
9903
3814
31955
7236
11126
31166
3583
15328
31359
3403
12963
3158
14648
32526
6344
22491
19474
6282
16248
20125
23184
31491
15222
2217
22941
20614
13356
24332
4131
3625
11493
24632
18905
11156
28220
25514
11357
29632
9172
202
25218
21247
586
27923
4587
17981
2408
1395
20185
20357
13980
1781
577
5063
15272
15005
30242
1496
3482
6291
31765
17082
24575
9861
25126
798
24660
5446
10722
17959
17853
25019
13745
6513
2298
31991
24678
8786
22678
16293
13077
19551
7521
11430
11556
16690
8993
18172
21157
3435
14725
32487
29923
5877
24922
31309
26939
18571
23041
15455
8750
5754
8993
28794
24244
16552
18073
23627
25554
30165
32441
15671
29806
15393
3249
5370
31587
17102
21321
10638
7121
328
2515
15438
7094
18274
7006
15451
23747
8931
1581
30783
22376
15937
20328
4816
19506
7340
24336
16215
8022
22350
22584
2290
4750
16338
16755
10551
20771
3107
4489
12826
587
28534
29806
3857
21942
17546
23668
8566
15972
11566
13247
31788
20409
19205
16889
645
28883
30086
6728
28259
23067
4422
9597
414
4378
27770
7311
26278
22159
17591
1863
1130
15038
23037
4924
18808
19466
13044
22274
12901
5062
30325
21919
3951
21833
32332
22078
19809
17216
1853
25640
17847
8009
8773
2799
23043
30653
19233
8940
24207
30668
18453
16876
6212
32208
14054
9255
20938
27611
27432
8562
19441
26258
448
693
3408
30271
19873
19358
21804
15905
473
19607
13723
15879
15569
4342
6376
21021
22736
32116
13882
25861
9666
13025
14705
2089
28728
2326
8785
26192
31151
13866
7906
17520
17941
30185
25878
1219
25225
17793
20397
24605
2403
1919
16982
18813
18292
9210
6423
12258
1679
30990
9966
4704
8519
12173
1977
6770
25595
18416
18771
12434
7952
29588
12288
16135
11902
3619
6667
5887
6798
19279
18093
11229
13794
27847
1073
6356
23733
5219
2390
9397
14692
1698
32245
14341
12845
29015
30435
31059
25655
2719
26905
968
20435
7190
22546
27648
6658
20043
17269
1816
1847
18545
6132
10249
4958
30807
10100
18228
19228
5786
27758
18494
19033
15129
7317
21021
1020
5545
20153
28019
14069
7946
14315
23835
13441
22042
17378
25858
23465
23881
3229
29497
28172
3149
30026
24392
8671
18967
27751
13252
5426
17157
6439
13860
1653
20313
30743
8400
30266
7658
11009
17275
5693
30489
16
32179
10657
11271
29750
18358
14972
1541
13515
15752
18582
19020
25719
24642
21870
9711
10065
429
29054
5645
14920
3599
11968
8267
6595
10309
7281
28545
31620
19474
12309
10420
8146
27319
16315
3141
15831
13764
29058
14183
3911
3117
17500
6614
16194
15776
5650
29639
16508
6166
19081
28698
20123
29609
30787
11991
7904
12453
15912
21464
1034
23521
9863
28099
2423
27984
15192
18748
18829
21715
12228
1112
856
18769
17127
30292
13172
3594
16340
16263
13358
8744
16089
5525
10470
3735
3077
8166
14520
17943
22248
30806
23643
19344
3994
9262
17224
4773
5375
6484
5151
20107
6216
9150
3143
8988
22973
16172
17109
27687
8890
14615
4784
3851
8440
12004
28658
2692
1806
15454
11409
14532
5688
28259
28734
30662
30038
19933
26509
11231
31032
5877
28247
20630
16920
28803
14685
2997
21096
14280
17197
30368
719
13407
74
4582
30574
18545
7815
5910
31335
28969
21428
7380
24480
11111
32636
16683
21956
4281
9358
20005
18571
16519
31995
3225
14396
27021
11743
14661
10864
1934
24132
20508
6168
10567
13635
8673
31937
21155
876
26613
27415
20269
7017
19054
19112
2250
7645
3176
8939
13992
15506
21152
6017
30834
14548
14399
31162
12742
8472
9715
4955
14824
4578
8004
3743
13240
32229
31270
8059
8673
16747
13514
21030
2900
1271
23994
8921
17397
13097
16933
17108
11667
1507
22135
11937
1310
28330
3373
31132
4116
24143
4072
29363
15933
12238
3776
1643
5016
14966
6618
547
28309
20298
14653
7325
32388
9640
14049
26554
32334
31528
20233
3973
1891
27335
15059
2675
4339
16197
18702
7914
28513
17611
31051
25087
26613
24017
19767
4996
11473
24383
17448
31554
21798
30674
13557
11139
9639
9922
31243
19668
15678
1442
9149
22280
31230
27015
9436
23424
10842
8044
11656
17578
24212
18389
10309
11976
28280
5555
3410
15859
1865
29832
54
5471
22012
22987
27547
21472
8612
17806
3935
14765
27182
13918
13545
23397
24398
5227
32185
1615
17337
22505
67
14822
4245
28341
9982
23189
27949
9532
1464
447
20202
5785
6444
3842
21887
26621
9430
24253
14179
21332
8966
18895
21124
17701
31540
21154
13626
4538
29331
9065
13177
1410
2792
16805
23628
21683
17309
6894
25470
11827
28945
20208
21402
30137
7731
23220
7191
26928
11343
2337
20428
13660
9512
19650
10154
15807
29510
26313
7593
7102
29841
32596
13315
6400
6943
4848
15521
10519
4171
22875
13522
9826
3591
2447
2371
22065
25203
7931
22060
30763
20910
1044
30663
25837
18923
17932
32518
32756
7624
13793
24197
189
14556
6810
25534
22314
655
22734
20604
12072
25391
13157
10386
22415
8000
2466
1996
4170
32019
13922
5158
951
26778
29854
24636
28496
2426
27959
20994
16268
32610
20979
25013
8960
14491
10690
17681
22730
5857
12871
23237
15919
22130
31379
27172
24451
27492
6964
2845
4169
18747
12142
19053
20124
18619
29640
24083
30158
8187
11723
32260
1102
8379
16646
13601
30927
12535
5461
15974
2726
12733
12899
16996
16756
18491
13422
2289
12294
15644
32330
29470
22137
26133
19625
20841
28578
19898
3737
27188
11693
3479
10062
17526
10755
3708
32034
2737
3186
8984
31194
6692
11656
12489
24619
4673
14399
23219
6781
30817
3808
25360
26350
17335
30497
14022
1178
25986
20880
22335
17946
8583
24629
5749
11594
19135
24691
22860
29775
14413
31792
21541
10201
1714
22070
30128
13990
31044
13784
29697
6728
4061
5592
12263
32039
9424
6792
25209
457
10017
13104
18673
3921
17653
27312
17086
18246
6727
11110
5588
2198
14301
31314
19783
9179
5754
28024
26136
9436
19030
24966
15951
21847
2763
12983
31305
23806
25169
31991
21588
8895
6828
10056
2681
21320
14692
15972
24217
12491
8310
25252
23740
4094
10057
19744
23461
9831
16355
12312
27562
3542
31837
30355
10178
8499
2196
10053
7392
5753
27682
28342
15231
31235
10381
5281
1918
28423
1981
24730
31279
22880
11956
12788
19115
21648
18553
20194
4200
7173
23893
11996
29709
18587
10818
17477
25220
1891
3233
2378
30289
11683
22059
21517
2851
19997
7466
13827
12201
13204
23785
27290
27047
25741
31337
6432
73
5203
341
28128
16567
9533
11576
20110
28905
8243
4846
11749
25789
17775
32345
17038
26951
6785
22613
9540
31336
6550
10477
6710
30370
26105
2511
2476
17706
10714
7421
27630
8767
335
23494
11362
1467
5784
20981
18420
22504
21415
6472
10938
26772
19680
10531
4312
23656
18717
20102
28322
1141
2805
24637
9217
21520
16190
854
32536
26848
13520
5080
21031
22837
16780
1458
8367
15515
30877
20978
10199
8880
5630
17463
17934
27698
17212
15465
1522
14940
6526
14503
20592
26739
1218
15233
2605
17308
27753
25192
8229
29936
17654
16482
18323
20946
28435
20739
29968
1664
2005
6040
20222
20201
3648
16037
7975
12735
526
19346
1954
29132
24492
15009
32503
10633
7558
5923
22402
17645
3716
25580
22045
19843
19924
26628
7161
15551
6123
13215
26573
18578
13510
29007
29235
24124
22390
22393
26958
16226
5851
19974
20401
30048
25520
7258
17020
3808
8135
13194
27336
23468
14998
26825
7750
6848
30451
13348
29474
20132
15900
18288
19246
11256
9210
4480
6716
22096
167
411
27595
24387
17197
7980
27623
15295
24977
18876
30538
9119
2576
13598
30407
3968
31144
30185
2537
18640
7130
12844
17623
16423
22447
19036
1402
7643
11769
3729
9186
16591
3291
21490
486
8075
31883
32366
15883
16274
2391
21166
3496
14063
3814
9287
583
27666
18625
13363
15949
2010
19473
21378
23774
19955
20139
7757
4347
20322
24393
25324
16365
11102
29466
2408
6887
21090
27774
3891
31719
32640
32522
27415
2525
23544
5331
28013
26639
265
6377
28815
29884
19463
19233
28048
23295
14510
280
18730
31735
13750
30836
27895
29477
10151
7789
228
14869
3567
28813
22756
12097
32306
23219
27361
1074
27105
13918
24824
22248
25102
20264
7141
31356
19839
4241
14780
13060
17665
16638
29915
26807
2558
28162
28444
5714
19282
28123
15695
30394
11355
6720
18151
13794
16975
10330
19955
10479
31699
16912
13136
20890
9929
17543
19229
12502
2153
18409
21872
11443
15251
21606
28487
3459
18787
26745
4034
22075
12295
13421
25999
31772
19405
12063
10405
16786
22144
26629
13365
14428
28917
14959
31965
12013
27361
17933
14112
3346
15597
20658
16915
25558
26893
30039
10840
13475
13581
17507
22864
13225
29549
14634
17549
2435
20078
10419
12678
22552
18797
3518
24975
1728
27760
22021
14856
6569
19967
5315
15572
6264
28469
15987
25869
18483
7702
20954
15349
15454
21027
4679
14896
868
14124
14106
18737
29241
23142
13443
30963
21310
11709
396
15849
31845
21867
32602
19255
4245
29642
26031
23842
28752
26470
22708
1989
7571
12119
3062
24070
5885
27086
5806
1225
28212
8429
23877
1636
7557
23004
13335
31314
24778
6681
8056
21803
5521
22287
21748
29907
26234
1003
25051
15602
17889
12715
6910
22437
31677
30071
14771
28276
19144
2357
18975
28547
28897
23128
20148
13068
1710
31480
15608
5388
645
10536
14216
22333
25229
24708
10589
24389
16928
10761
9807
9517
24180
7722
13527
26132
20091
19743
25881
28453
29191
385
22818
5318
23602
4372
8814
10770
15613
12260
6317
3210
3639
31123
3526
6151
1953
9457
797
5876
7759
5581
17426
697
4945
16651
2506
10362
21907
5879
3121
1538
15106
26585
9279
29434
21744
30410
25467
27231
25530
11973
17598
2099
11688
11777
23098
3954
15636
7038
7354
3143
18895
31454
16427
26240
20928
29303
12636
30784
9422
14246
8450
31987
26625
5478
16383
27783
21475
16673
4324
5850
12845
29126
29364
4974
24223
27931
18667
22884
20272
32597
25790
5032
26471
4326
5029
1385
6921
20118
30487
4812
9204
6101
2452
16865
20299
10063
29929
18390
9683
10690
7600
30314
29597
14092
2070
7589
29414
24969
31201
13766
7739
20379
32177
25982
28129
5002
11141
14427
1139
13711
23170
6535
3789
9259
8176
26290
23337
32445
16262
12109
27528
28244
28903
29689
1876
194
7788
31295
4163
14834
292
2177
7806
20347
15897
7728
10243
17012
26837
31808
14151
19339
3877
4569
29984
19793
12829
8528
2531
16600
20572
12629
6601
20608
26002
7790
24728
5390
831
24740
12415
10494
26301
22907
22593
1563
12416
15912
13462
24908
8349
29183
28878
30897
31881
25899
15031
2030
547
19361
28097
22215
3061
16471
31072
5614
19127
10416
1714
32280
14357
27707
8546
25942
9907
21662
26572
16035
4973
10701
1633
14265
7139
24192
589
26922
15925
24803
5976
19627
17931
25487
11530
28083
2777
12985
10003
2117
25441
27049
5354
2569
29305
7278
1203
10658
12558
18897
32102
2108
22889
10631
25646
4452
6065
10923
20751
3357
9137
13931
5836
6192
10204
2817
520
30403
6542
17125
5035
29997
26261
23616
14983
19209
7152
21668
20540
13449
27094
11515
23896
13838
10491
27070
26819
15861
17678
25448
22107
6323
12422
31529
6363
27428
17822
2014
15105
10016
14494
3905
1008
11856
32605
8029
15059
5951
20996
23622
19907
18612
10516
5638
24555
24384
23723
31450
745
4371
18691
14751
8056
1043
7227
10375
20812
18992
12634
17424
14910
30705
7313
6711
4265
2387
19648
30184
27924
2260
26172
24250
6929
11467
15056
16601
29028
24314
769
20803
30056
25190
15510
568
19887
2919
21080
7147
18409
15867
28951
19838
30215
9823
11757
18989
9888
24545
25031
18122
15507
32240
24096
27497
10734
11125
24336
3420
4622
21606
24198
17762
22280
3479
11473
13851
5704
11988
29286
5823
22648
21294
32477
22032
30884
13202
2364
27021
1691
4000
17784
7401
10392
6329
29497
30139
16417
4954
18910
32631
22064
8873
26049
5021
4753
29262
6844
29232
17035
12932
20460
15978
12994
6768
18612
13230
24668
25777
32517
9918
17763
31288
29405
10030
17514
16218
4878
21785
30580
14115
9025
16146
26129
28910
17210
23645
26314
29746
31582
30560
12223
7839
29298
7252
23183
10346
12453
24640
24440
17125
5073
5160
19392
1362
22782
14465
14163
7161
24360
17641
15789
28024
1858
6165
32250
10843
21882
9227
26236
31468
14271
10897
20270
16204
5504
7653
10151
5571
3255
31150
15424
6997
39
10291
22137
6806
23265
18379
15513
7359
11533
25748
21653
4352
1511
31336
28211
32280
12040
21261
30831
29220
11495
5292
9758
9396
10399
5253
17873
32548
9971
16864
20732
32554
12431
15687
30296
10155
20368
28658
9093
29651
1607
14211
20980
100
9018
31220
6916
24398
5740
13773
22379
18817
11231
25242
19928
8959
20310
13724
13527
1333
15711
7871
3060
17291
17809
4556
4131
7738
531
28640
20319
5981
10334
9501
8082
7756
22339
20127
31925
1317
1583
31921
4664
29867
31150
25921
29604
21076
24878
6802
18559
19613
518
6705
28528
417
5046
18474
23715
29674
12656
10875
14191
16775
1240
30921
31542
20830
3593
21586
8077
27332
11480
15395
2973
27467
20316
4491
22729
3803
27054
16591
10386
32261
6893
25119
4535
5779
9093
26313
26784
8804
4273
9901
26364
28791
16703
25073
30378
1093
10132
2806
9173
20308
27887
27786
31332
10505
23026
95
21137
30910
10334
2491
20695
17940
8734
18546
7442
9098
12679
22546
5346
10063
18142
3933
32080
26197
14106
29692
30644
9639
30700
5745
15830
13820
23805
27214
26963
11660
14967
28324
19010
29730
4294
15039
4376
21875
9632
17168
20425
3502
11842
27243
5680
1108
28413
13171
11697
10570
29682
9810
14365
10285
18202
16045
13781
26085
18313
30166
14131
31869
1523
15684
15653
10545
19055
32065
3355
24777
10107
27619
31780
32294
15936
20541
30035
16155
6168
1494
16232
894
14670
21595
17836
638
20773
28560
26653
27190
11035
13196
5835
7555
17774
28966
15490
1043
12512
24235
15529
8383
7607
210
2154
25115
14857
8177
3860
24907
17718
7536
3517
792
31926
15742
555
12099
17941
14596
17653
4632
14907
11223
3813
7239
30193
13106
28065
13552
21409
20579
27530
20989
29277
25540
28389
27316
11811
21485
5177
30860
28000
13608
2039
31296
26546
1318
9056
11555
18930
20208
20644
28851
23410
19231
31303
2160
2179
20560
2505
12271
30267
10195
14726
13610
885
6819
15835
3354
23320
19099
2442
5768
31645
11238
12640
32544
22475
12984
13077
32455
29893
2363
9075
23854
10567
25037
1978
30119
25133
14696
24132
11576
4149
7777
6757
3822
8965
20310
6037
628
13680
18018
18385
20708
20213
1170
8510
27613
24200
12701
3856
10966
21142
25551
27050
29362
29251
9287
14854
31636
23542
866
19544
10484
19735
20855
21998
10227
5911
20421
12891
18411
26033
28073
31700
16715
14960
26133
730
24226
16754
20797
26906
15353
25451
32403
25489
4198
14572
10998
26611
13790
17126
26406
18766
25419
3178
17020
2026
19678
6578
3544
22645
7847
18533
19162
9820
1379
1303
6997
5500
14741
31247
17664
18170
16600
6990
7535
25967
22899
13261
29250
15433
17454
22533
16797
24174
24676
25012
22232
8226
20058
22751
8055
26666
3023
28179
19548
7217
16084
27121
4923
11372
8926
13802
9295
634
19482
25158
10315
22414
13568
19819
23188
13775
18987
20572
5037
10495
26728
5248
22514
25179
269
30373
16010
21443
22668
6980
17559
1563
4935
6150
24751
12017
1190
22152
27280
18784
29799
5211
11023
13876
20022
9296
10322
10062
28542
21746
575
23115
1918
8275
29492
26208
15775
2316
18681
8584
4613
18559
27123
24802
11364
12895
15002
6228
3349
29043
30509
7541
21609
406
21924
4522
5181
2819
998
14223
24526
719
22076
14232
3535
13495
14853
6136
24761
6684
16556
27585
2403
8780
22232
32077
14290
20483
31714
30686
11858
20530
3468
21633
2757
28158
31728
3640
14908
2060
31158
24919
19140
27388
31882
6703
3971
13619
8653
14058
19203
10206
19339
24758
21453
2355
2478
38
26426
31738
9073
28884
7814
28749
21783
6220
14886
4508
5596
25637
14171
22004
31276
29553
25608
4736
1555
28504
25793
14672
1013
22271
24868
9305
13183
17071
19052
4541
25821
25139
28739
13645
21549
14977
22488
844
22836
26269
2354
6262
16208
24507
18116
25409
22958
4260
25409
29283
10173
14426
10673
3220
7651
24575
3013
30101
26222
26611
2663
1137
11981
28733
3222
28419
21760
8236
6257
28344
2381
4413
8849
8855
14389
24896
26524
21118
20646
12215
1047
30638
14962
2687
15996
11913
4352
3506
14221
30107
30274
15051
29927
24024
4582
19211
31194
4132
4305
284
25208
19481
14537
15861
13548
17412
25713
23805
23822
31280
31611
7027
1588
872
15129
3853
18250
21175
25268
28639
21797
29298
6369
14719
12052
20088
7313
26471
31160
29625
5767
20634
31766
26869
7952
26251
29419
1222
19438
23354
11839
25825
23189
29344
11581
27289
19098
845
11330
24741
31848
27216
22836
11810
10293
30295
8725
15068
16692
3607
20952
26825
6412
5614
28531
18134
22410
22727
4917
24806
6802
30783
9818
20760
21084
10246
16605
30281
11741
14471
6541
29659
11138
13515
15459
24244
8740
6042
31507
15241
22073
23524
19425
12892
28487
27744
2742
6979
24991
13939
20595
18540
8263
25683
21637
12638
11064
620
3258
25473
19913
5123
32594
23521
8556
23321
31578
11823
10392
22418
11061
7433
5638
16790
13692
1914
5152
824
24584
20421
8375
30037
26956
8030
20724
25535
3048
11322
4497
7323
24700
25416
14152
3848
4538
7232
29580
15618
5824
15003
376
1157
26532
24546
7941
1013
24656
4908
9855
7613
17808
483
23610
24375
8297
15814
17537
20172
25517
7220
5583
25948
4044
6823
6978
14047
18669
27775
6988
3661
4925
5633
5804
188
10631
14495
29596
15304
8710
29817
26956
4920
21879
805
16272
4575
15473
28587
14037
4543
14073
4052
11354
8053
29266
8869
20125
11473
24850
14374
30227
22212
31099
18024
30235
17023
11783
4037
31285
21977
21573
15978
17263
20209
28132
22803
23073
32533
2061
29974
2010
11491
9463
18851
11674
25006
25525
2122
19010
9764
23122
7869
17736
29229
22047
17880
20911
21526
30284
478
32055
4846
21686
30726
16337
20528
12544
15670
8021
27811
20965
526
15223
13439
4300
16424
22008
5841
17309
19614
11033
27680
30932
29645
11861
4177
14804
601
32591
21448
18301
24434
11018
2000
1280
7253
3416
10813
1266
7445
26261
29776
27808
16027
31124
20698
8611
7659
17882
32164
30132
25770
12810
23567
17601
16093
15009
13560
14656
24052
30947
29662
10947
11527
5654
7495
19148
6751
32493
1119
5091
6712
27463
995
12007
18117
3610
15933
17058
16757
425
10481
24991
14709
17406
26423
2624
15222
22420
14313
27915
11952
23636
31392
27973
8999
13506
4123
4034
21805
2937
6624
19451
2600
19669
23845
29537
10901
26863
19696
8945
15693
29134
32638
29449
10247
27099
4834
22906
22815
22166
17646
29150
16022
27528
16982
8236
11865
24952
28947
16777
9158
19938
14854
24417
30316
3749
5598
6327
28178
7676
24891
13753
22523
25263
15379
6552
361
20619
30806
1686
15200
27919
23501
26721
19372
3176
14664
6303
28454
23200
9464
20938
20786
1298
18458
17470
7308
6177
6101
400
2373
25897
29542
12834
3080
1206
28026
18676
2722
18676
17627
10685
14785
13415
20559
30011
2044
18652
25022
28615
14868
17056
25746
13868
7290
5103
15203
13497
28177
13487
8404
5269
26676
6751
4024
4947
2043
27722
30330
30918
31930
18432
14779
7959
24523
10758
19004
16660
6542
20173
20991
715
6061
8161
15529
26712
14501
355
7979
12027
4226
5049
17057
15470
27369
15748
22138
6261
11868
4562
3546
9398
1210
26262
11324
1739
27909
12117
17756
30870
6760
28705
13396
29396
17529
23755
3589
26101
19643
30805
4792
29996
23911
18598
25349
26562
25964
29313
31733
17583
5556
20920
15971
19563
17321
24989
1448
17666
21752
2490
4471
19559
6292
8898
18181
9482
12543
18375
3437
12460
29637
18348
18772
3442
25161
19166
15304
2361
8131
319
18542
24362
2186
27747
26333
29582
20111
6655
17221
483
16170
25246
21076
28975
5658
150
23642
17044
455
4923
17323
20005
15561
25170
2629
16888
24750
30153
23218
6012
22008
21925
6192
29453
1382
1595
14864
8646
11893
5283
30300
10647
1829
18282
32700
8087
2304
18311
23194
14491
3929
21904
3461
18439
10962
24366
12499
8420
20001
2255
8587
3379
14355
32666
23426
20353
16080
10152
16067
25276
24674
31345
17460
27717
15473
10628
25975
5190
23376
22908
15375
14406
26174
2351
7108
11259
13541
31016
11336
31839
21543
10072
17946
26886
27162
13064
5803
1966
6993
15634
20416
17944
21854
6225
26135
15894
8852
24150
9037
4070
27410
15452
3839
14014
18173
3198
29488
2984
17932
3880
32746
27280
20554
22732
21032
11675
1047
18390
25076
29371
13680
5857
7117
24449
29297
24363
10571
22322
12568
8006
11526
22300
2636
6673
30131
27946
9758
8679
27792
31927
15694
9238
17155
17824
21521
2195
9085
24989
4625
14828
27045
11217
23478
27005
9651
18079
4260
25575
28441
13248
4997
2494
19049
12946
32520
16514
9843
22707
11305
28625
13485
6351
28084
24282
8409
11190
9476
1557
27617
4018
5137
10546
28166
4631
4266
19791
17465
5915
31998
24429
11465
5096
10593
7973
5951
28400
845
8599
27527
14977
13735
164
19536
32153
7748
2653
22708
32507
15532
1210
12572
18050
32286
22928
17246
18614
2772
16061
8745
28829
30855
11941
27555
31700
1590
17635
848
23773
17700
21304
9014
6075
21280
17095
2111
19644
2568
5509
15838
26007
18576
7147
19701
6326
14400
13038
20983
14037
13500
7728
15946
30412
14408
21112
18671
13225
29067
17504
21092
20738
26259
3917
16329
14730
18714
2212
4419
11233
24584
4923
14238
18865
10809
18190
27958
7414
7807
16692
5655
1949
11499
12305
27491
20817
25928
28620
30196
18322
26345
19203
7235
9223
32165
13246
18312
11541
4127
2210
25635
17584
17227
14952
16699
22897
30509
25997
5029
28137
228
13386
8199
10806
17896
7366
20541
11219
7312
20363
14331
1973
5591
27190
19636
12947
5215
17011
21691
17285
21686
23849
20905
17616
19161
26098
27134
1792
30966
15054
5643
10808
9078
24600
5135
20935
1595
28857
26528
13819
28454
24219
26700
2106
25053
5985
9089
23886
10443
24917
5546
4609
30568
1185
32411
24042
442
5315
21807
2182
11548
28219
7727
29835
15934
15494
10870
30072
10349
7248
83
9073
25108
11750
29743
8522
25219
11242
13424
2274
11504
23114
19613
29106
3259
24946
25538
17829
26359
27073
14870
22570
17701
2874
10715
29576
32066
25981
12166
20595
6917
29685
15648
11228
28258
29266
23788
28429
25426
25914
26442
7668
1750
6971
20443
32703
23865
14853
19942
13738
28054
11222
25594
13333
9883
309
2773
20954
140
6883
901
25053
139
12303
5325
2789
278
1225
14282
20906
25553
25785
30678
2351
4230
13841
2477
7505
25962
14528
24015
27552
31906
17897
12837
7791
27397
9107
26342
15911
23588
16546
6844
27873
12167
27910
21027
51
31546
25138
11794
27977
6025
12239
30174
15160
6151
24754
30811
28560
21973
27660
2116
10544
28448
18145
6109
23903
24556
10684
14294
27416
6160
24224
32115
30884
12930
11073
5098
20335
12757
11124
32013
10772
26112
12261
17704
10426
24417
29960
11821
24483
4866
18002
5646
13314
5146
25000
7275
31501
1751
12056
19309
3924
12378
8391
18418
20561
18436
20266
19690
16448
28144
9593
30208
13361
27328
12897
7550
19035
7325
28922
20842
6835
13689
7672
9205
21949
11927
27941
23319
17826
5454
13071
17267
25988
5386
22269
10880
782
25235
8488
17386
7759
27794
14632
32310
31688
30033
26797
2726
7363
31170
30319
7260
4583
2499
11624
8897
23562
30112
25664
808
20294
29913
6409
5551
11343
10790
29996
26982
25603
10425
19875
5044
14659
24259
29545
3830
13570
2361
26671
27752
8347
5336
19281
23881
31336
4199
4872
22330
6288
5180
26081
22504
28192
17153
10350
3050
9822
18360
4923
23789
2650
29949
25859
11022
25797
27019
1316
13703
22534
24066
10833
30350
23179
32744
22919
30330
19805
32237
20802
23080
24824
10611
13552
12445
15449
20813
3238
17388
6744
14791
27922
29018
20792
21991
23473
19649
30845
9715
17217
4914
8445
24371
3194
12510
21306
16632
12025
24119
18415
15070
20093
6226
3817
18509
14421
30864
6168
9542
21785
12157
21222
16476
25241
9976
22471
3584
2579
3989
20498
8450
9897
23871
4111
11349
20497
30498
5969
21011
32143
7880
27462
25536
21792
21121
12
30675
31480
12041
9094
30834
29999
5221
7856
3966
30648
4622
303
5071
11410
24145
19245
23489
19522
23798
26979
6383
6784
31008
14199
8510
6961
22132
31881
18718
5013
7549
5641
13068
11202
26447
17611
14427
17489
3179
20573
20277
21591
23267
29848
4573
25495
30655
19829
19254
29941
28574
13602
11401
29998
15009
18517
4227
455
14212
1249
28541
7235
25102
13959
26881
7577
18604
9742
1673
32229
1369
16021
7049
17502
15808
7465
26288
13192
28325
16019
22635
1451
1665
16243
8876
19843
4972
25235
30185
20281
2112
20853
3943
26002
23804
19246
31928
18279
3686
13687
14467
16725
16629
17410
1155
14261
2797
10762
9426
1230
10700
2606
24680
1866
9957
6271
27358
29927
12107
8920
7032
17775
8944
29550
5475
18922
7950
16807
17723
17426
1990
9520
22481
4615
21768
16202
3626
16964
9906
3684
4811
9170
25596
8175
13363
9915
27155
5230
10410
8386
3588
10700
16185
19025
30172
16371
8698
1971
3341
2970
3474
21123
6164
27486
8699
22373
11097
4885
12423
7156
2391
351
11041
16635
11260
29565
6358
13543
32083
19303
13205
27260
864
7192
4915
26568
844
20525
2482
16725
24514
7854
5315
21923
13976
16940
2185
23765
434
9740
22432
8363
16163
32290
7262
28848
25750
31874
18265
9909
8685
6546
5929
20349
14119
8804
15727
19386
24967
323
21782
32056
9202
29836
3544
21593
28314
10176
12548
20929
27097
25302
25471
20562
26719
17366
18697
11099
17552
13987
27842
5388
11560
7960
4845
12590
9505
26967
22515
18449
15062
29790
16555
9669
14952
2780
8152
31116
24417
24130
29940
18832
18839
14364
10284
20178
14676
21922
18347
19811
22195
8586
10779
15574
2125
16417
6761
21749
7445
8602
28873
21171
19841
3750
15611
2402
22507
25413
26060
5158
15414
27611
25055
15274
23220
6278
28077
25617
31303
31407
25291
5936
31175
16607
5228
32506
12452
9428
21798
25659
17101
32725
2553
1418
27600
31042
28301
23160
1346
879
28347
5902
19553
6834
14671
887
11000
31419
28684
31737
1923
15908
6385
11562
24724
7241
13499
24672
14197
14682
7851
27753
3599
15535
6537
7804
31754
8539
11753
12144
7990
29955
15789
6444
27434
30961
28875
24671
7211
22884
24401
9841
20815
28458
7334
6073
4577
16241
2066
2544
16904
11739
1664
24293
19108
5328
2435
32627
30841
14360
1944
688
22159
17833
18859
21864
2008
22717
12764
30154
25620
13096
24450
5984
23538
8425
21616
17221
26744
14847
32632
18578
2468
30334
20526
4377
6228
18657
14318
11862
28515
12962
15393
12962
12309
1800
32187
10922
9653
20545
23048
19232
3196
2736
2217
9904
16309
10888
23258
54
4895
8090
32758
3374
23443
19307
29500
15467
27366
7562
30419
21773
785
18976
16396
429
1167
20169
14568
7130
23559
14754
31450
19401
29483
26276
26317
20552
10464
10032
32361
756
5279
2026
25234
27820
6427
10443
6962
32325
2596
23410
3129
16767
27083
31675
15330
5688
199
13971
20023
20448
22039
13067
22999
18221
18921
20907
31223
13328
22459
30216
16807
25575
17344
3736
29782
8180
14213
20166
10137
22542
4564
20290
12840
26006
28121
2203
3113
31405
9603
23567
1202
4516
21293
7842
28809
28852
5758
23149
13870
5616
8333
14905
23323
8055
19273
21324
30282
1006
16409
16771
11256
12078
29119
18849
5801
22329
28034
30183
16748
7539
18316
24805
5984
20495
9873
8847
27767
24519
12977
5011
890
24016
27552
23274
13645
5645
10756
31149
7541
6531
20510
18731
28631
19725
28077
7992
23490
20560
23311
3272
8240
20722
4010
27324
13641
7687
14218
10491
12073
4044
19531
5061
15843
6040
13626
836
28358
3087
12983
10596
4831
1433
6366
29157
28350
24339
7526
10415
6013
11972
15560
23141
8447
19346
31396
9020
374
12917
353
24590
20008
24621
25877
30122
13682
29488
3492
8815
23053
10727
3115
3609
29584
4377
24479
3034
22582
30376
27825
17069
21474
29819
11509
12263
28768
10171
22852
14350
4846
26690
4959
14831
4859
5200
21204
22507
11822
17536
6438
27538
32170
31739
12584
22387
20625
10476
32170
11057
4038
2356
6999
19930
3832
18270
23006
8821
28380
25557
20560
23258
29881
15956
4297
27847
31530
21407
16211
23855
24608
881
4103
21973
5158
29365
28790
14618
12009
24056
24647
10259
11511
28703
15649
11999
15047
29013
1483
2872
12538
25160
22673
16711
9696
22421
12522
29373
14398
10624
10329
11295
30542
19433
16017
7265
3080
25212
27868
27319
1952
25895
2237
7848
31568
26833
14804
20068
15703
24649
1795
1879
32578
27004
16079
9470
6506
31468
16137
2554
12222
1373
24493
28515
5058
24017
1290
15966
2008
951
7459
10226
18367
5984
3158
28439
31321
5298
19771
6416
28849
9760
18383
30715
22076
9178
9170
17319
13919
4928
6765
13477
31538
15005
2840
21922
18820
7442
22459
32500
24095
29392
19475
12402
20556
29066
5208
15753
23962
31019
1821
32652
8924
30916
18039
588
26225
8136
31841
24297
22472
12155
13919
14567
26658
168
9314
4484
8346
4498
16108
25929
6499
12334
6260
18400
30290
5263
24076
29221
3228
32674
19265
30335
5600
12827
5443
3953
5224
20399
4422
15468
19628
644
6695
8424
30743
29414
31059
22963
5390
26427
22245
15496
30767
8249
29966
13795
726
17750
15034
14612
8934
30080
20848
30354
32710
20495
23162
19603
30889
2552
32583
9689
22547
25411
24845
15055
24729
4287
11186
26836
5864
28148
20461
5079
27912
2905
10409
17956
13026
27847
4010
637
28672
3118
9586
31853
2709
29831
20582
10969
24509
2313
14125
26840
12549
19616
14937
6341
2862
15771
12617
32146
2606
6564
28237
15966
7800
7670
19980
18506
14205
6090
22051
649
30579
22802
9999
2231
21589
25962
17741
24428
18987
27468
32191
22288
651
23939
26962
4337
5472
16610
21470
23186
18154
565
2638
21319
26374
26744
21504
4094
13744
30535
7023
12640
28870
21910
2575
8217
28430
3234
7032
25459
27771
13095
27591
17962
27564
22740
17729
15740
20662
17916
12602
18047
6435
25486
4150
11703
21819
24391
32077
29928
18050
24614
212
19241
18305
24353
22073
19258
24777
30742
18735
29719
12086
18180
28171
4045
32625
9595
14702
31885
17080
23633
15141
3071
16610
7575
77
27864
11165
23243
24763
21167
30459
19279
15259
20493
6957
14106
26454
5827
9102
22958
22714
4736
12003
29002
17749
4514
17632
20064
17697
28749
9455
30537
14183
31162
29230
13368
28381
29650
24758
5997
26897
2300
18467
21931
5387
1075
16209
747
27950
4955
9571
1874
26720
981
15370
24673
1643
11601
14084
620
31650
32483
25826
28237
16327
25178
21775
20313
1068
27085
7950
13715
21785
31606
12035
16416
27246
28611
15221
19451
27529
21931
18514
31466
10858
20799
23347
9905
6677
18561
17634
5253
1080
21112
9242
31939
16910
7300
1421
15074
31875
14832
17707
14759
14233
4550
5282
28567
11530
24295
19233
32690
14895
30298
25186
21086
25888
18405
17639
15010
15645
19674
20868
31636
6701
22836
14365
16917
4
738
5041
26299
10282
4963
26007
3087
30554
14227
22024
27897
25129
25029
24030
28536
1256
4625
15771
20374
29386
30960
26029
30364
74
10246
13297
21122
3271
17726
10869
16809
3953
29724
898
26317
27497
26959
18138
31029
20260
23686
17470
25900
8977
19589
5939
20661
19323
18808
6150
22651
16816
14727
24078
6407
18531
19370
14129
22581
16207
3263
14505
25321
23069
21210
19720
29438
16008
29404
25466
12671
19903
29767
9291
10522
7434
14160
20137
15569
25009
16694
9130
30451
21530
8915
657
17483
20017
11633
6733
28567
10508
27102
21570
28988
7632
1475
23628
26423
11726
11057
27137
18775
22002
30333
12087
11689
4446
32334
4039
12596
28498
8692
1680
22759
16463
4603
23486
32464
7804
18176
4172
8079
21832
23236
8903
7177
27729
30591
4437
17249
22917
20855
15607
14628
7814
24272
4619
3011
21843
16806
6677
3911
28710
6233
23230
20544
12440
10280
9757
13054
6667
5634
16438
4868
25417
8600
32192
30394
11113
5815
16428
11106
30195
26837
29410
23885
12868
11498
28110
79
21043
25985
24859
7280
13300
21774
11838
21220
25405
19074
21047
12094
30120
7197
17683
6368
1625
17539
29366
30902
5344
22035
12503
26404
19296
14452
22092
30268
28657
25712
22408
27701
1348
4614
3170
536
24198
3258
792
31421
10886
8752
1171
9718
14873
24313
11756
9226
1470
3501
17200
32101
13950
11322
8032
25229
13846
19323
26044
10328
2648
3341
22593
21597
32719
13150
30577
19880
26530
30726
20306
1458
27834
7259
5561
11664
17447
26687
32200
19306
15552
2877
25782
17455
29194
5077
15310
11655
9820
28947
21435
31753
2112
12903
27906
25007
26395
31152
12752
28806
6929
21402
31990
21930
9251
27178
4658
16498
17562
17815
11184
18920
6825
3932
208
28796
32078
2955
10794
31737
8313
15460
1744
23991
17520
25638
1746
24851
29810
22821
32520
16412
6298
24605
27147
28815
24327
198
14981
15622
16442
2216
8875
32364
8895
12337
29959
2484
25104
5637
635
9674
15542
1173
6531
7626
28081
13811
2746
17265
29978
2533
22176
30161
21511
25144
26778
72
16303
6486
826
26034
4047
18203
16833
27614
27724
18405
21218
31551
32281
14826
20681
9956
10075
25807
23132
28842
1739
16246
20929
7601
19036
2071
25632
12044
5407
8850
16042
21181
31843
12547
5338
24800
24608
6807
23546
14630
8854
29855
24554
5253
817
483
5405
7982
8368
15417
19428
28352
26246
7254
10479
10427
27008
5091
1808
27959
30633
28116
9795
22998
24427
2293
19436
14583
12790
8389
14431
12588
1254
6280
5541
2287
30495
31896
17278
21136
31996
11772
9378
5234
14250
27707
20812
16759
23502
12658
21241
5561
27502
5285
19821
11131
18190
9811
14584
23647
23065
31565
4599
17113
26243
22984
8605
28643
13229
15536
17396
10482
9353
8511
20254
16937
30974
21199
32737
26829
16014
10476
3939
29178
13366
27566
22065
404
9621
21061
8326
7551
337
20438
6091
275
11959
8838
25946
17610
26273
22740
29319
11836
5021
16683
27105
15438
32075
30647
23989
17318
17159
1657
14292
12130
27080
19350
22166
14857
328
6645
31519
12993
9318
18440
27873
8899
22728
8426
30306
26381
4548
27563
8000
4694
23169
31976
18290
11079
27481
1694
2000
6888
11906
6719
31702
24409
30702
4358
22693
22210
29807
20104
30026
13964
5151
4493
10307
722
29695
18205
7743
6674
2782
5086
3622
10537
7549
1949
28249
7038
15856
12074
3899
23421
23111
30825
16112
30535
7790
7334
23141
32167
11602
1321
28560
10057
30021
24074
21753
8230
9124
19271
23161
1347
31671
29716
30529
27291
5336
22642
6431
32089
17368
9475
30973
5707
13214
31005
6315
20628
28945
21277
19934
30881
28217
5886
32376
26462
16544
25386
29193
7593
7935
10127
23702
13319
25110
13046
1690
29333
3292
10896
13899
9538
8152
8146
15902
60
15311
14467
21645
10408
22431
7444
6424
13718
3435
8495
27274
15668
17144
23186
29309
16961
12631
6686
2592
5573
4037
31531
23608
256
26063
32031
26725
1
22577
15546
9919
5313
11708
17467
32027
15184
27750
25462
14080
