779
26706
12870
3838
4426
10366
4684
27022
31990
12714
22392
10301
1423
31783
13413
8331
8873
30987
3683
14548
7745
4912
2672
4469
10573
16768
26212
18736
7830
3696
29291
24786
26570
14539
16056
530
14541
20913
20856
11709
5457
31711
30981
5392
21670
12337
3677
8805
6099
11108
15314
29971
26085
26913
7171
21647
25223
20535
17674
24279
21203
29737
5111
30224
25704
4072
19582
12653
27325
7649
24812
21844
1717
12602
30303
5820
27763
29785
31031
11738
15215
28839
21960
31740
7369
915
10577
18613
7134
9433
32562
23098
27930
25092
28249
27916
5901
13105
11006
20183
12736
3351
24720
8346
12361
21572
26607
1033
26781
5545
11739
14384
19878
10329
23981
26968
3989
7310
9284
14382
5754
7149
8003
15394
2833
7947
19578
1294
25055
7215
3489
24600
7294
4954
5196
25561
13622
7044
18971
1983
26829
21801
2353
19119
21151
26116
14568
11503
3825
25115
8899
324
22402
17915
5029
22871
20067
26181
7488
4445
27401
30825
3023
16119
15777
6322
25608
1879
31907
29059
32076
8357
4266
26592
3106
673
4739
28975
12515
2697
28547
30272
24247
5693
10270
26508
11967
23201
23734
26298
29588
31043
7345
10600
8433
6462
11214
31015
23468
1886
12729
29895
17899
8580
2013
30422
23444
4428
6521
17763
29445
6638
2550
28423
13830
32098
5496
31015
9979
15560
24499
17267
1631
14342
9472
17586
11373
28851
431
1218
11040
29748
17311
30682
19550
12580
31245
7955
16496
15354
14250
4647
4278
18149
15088
22136
10905
20731
28853
10068
5824
20627
1281
4983
12423
23791
30237
5073
29101
6943
24044
32650
9804
29217
25982
324
7439
19021
5859
29088
10143
23537
317
15107
32606
20792
25369
10906
25176
16208
20224
21147
31863
15051
32328
25038
28918
2886
17968
5197
6167
16969
25389
8584
17689
14703
3710
19339
10340
15303
4614
29572
8712
24185
20059
22399
6245
19629
26395
23925
10027
2728
2431
3973
14982
29752
306
11649
27282
31315
3939
30636
11029
25595
14361
5826
9069
5732
31174
17721
17095
10329
8992
7623
25746
17628
15148
13092
6452
8461
12187
21777
26363
2381
15706
9881
5974
18850
18277
27031
25669
30045
4060
9080
6670
20987
1880
32578
306
26954
9855
4309
9375
1741
1494
23922
18471
9312
10199
19833
9009
2591
10564
27511
13230
9605
19386
5215
15695
23505
3721
32024
18677
23470
18883
12600
14442
12818
32659
28432
16974
9831
22480
1256
27220
8681
31186
5003
18862
9807
14469
23047
15301
6061
17595
28334
17198
23961
22983
2400
15065
8077
6215
17165
10124
8332
833
28277
15760
32264
21362
28210
28331
22020
5346
11257
5198
6262
17084
5405
2574
2031
21853
16468
19544
11645
30379
8382
28513
17361
20648
27171
605
23965
10823
2685
13041
19264
18046
23734
17642
933
14748
30898
12847
5224
10461
17552
1780
23867
10299
11053
20017
6793
10888
7146
8787
857
14266
14256
13873
32372
23942
20273
27201
13002
3632
5744
16908
30482
24993
12675
19935
25777
27834
32407
23748
4573
8936
16694
2736
14082
30200
4805
32510
17252
10285
15441
28444
9479
1168
23947
14725
18380
29064
1296
11503
4060
4522
7662
20421
21321
26322
22116
15319
5875
11123
25578
25169
4777
22059
18545
19433
16529
31643
31980
10589
31690
629
9487
18461
29263
24022
12375
16196
28191
16855
3146
26829
14747
1631
19456
31492
9007
11323
26850
22074
25652
14448
178
23229
28437
22991
13516
23304
26801
3275
3755
32310
20737
12680
3502
9917
7931
18484
16924
12632
21430
18330
6503
8261
18638
16884
16301
1713
15882
19457
14980
18545
27196
23128
8439
498
4969
2300
5324
11379
29226
304
24841
21105
25682
29069
25014
26723
13009
19537
6371
7592
28377
16378
5357
14782
10815
7700
3070
22964
3875
9295
20691
8674
6867
23508
1218
14295
32749
729
11003
6291
29636
13427
270
7927
27397
17068
16557
20089
2459
30422
11955
13852
18895
11295
7014
32672
7860
30821
14329
32501
5570
22347
25942
22006
15297
2956
24602
84
18665
10895
28128
23504
22599
1596
28610
174
11874
26895
32285
32358
21279
22634
29077
20636
738
20784
32089
8274
15094
12943
16040
9565
25903
19229
26005
15381
26317
15399
23303
849
5796
10053
2051
5779
24186
23090
8750
14463
2993
27867
8589
402
4902
1462
17296
26384
19544
14421
16207
11838
26573
12859
3859
8146
9393
10734
29464
4008
2497
17486
4497
3254
9575
25636
22509
19778
6438
6142
345
11090
29753
6715
26246
17765
8567
5986
31404
5984
27770
11960
6607
8139
25088
24849
3137
25917
3985
25062
25448
28693
26211
32424
5057
3179
17786
4180
28709
26695
28435
11080
27211
25104
27971
341
15503
6983
10716
10773
24817
9077
15760
17790
31073
20321
14937
11448
3386
4231
29976
9516
16396
24774
4732
18910
26014
5721
23333
7932
5939
13320
6921
951
11789
2463
4119
30289
18224
14496
11291
24183
13416
28981
11746
20946
32397
31592
21918
1753
23814
24726
14475
27113
18060
18721
30675
2199
32560
25190
24240
18245
18336
24815
11216
5363
4518
29417
2557
4440
24049
14040
31741
22833
10008
2697
16311
27866
32220
17992
27800
25883
15022
14420
20789
27204
26737
29840
21554
8572
19584
19579
23650
1110
12275
866
1071
22181
19998
4821
7229
11922
3163
4951
16714
17131
24330
7513
2393
29630
32725
13930
3087
16679
22841
7848
19037
9318
19265
4730
14687
32564
11669
21633
29828
5464
12980
5067
23280
17525
4222
586
7198
28198
4597
12165
30666
18508
30276
31630
13582
1959
16641
13876
5323
6308
24495
15993
17226
23158
18567
13895
3363
4200
30328
7774
23390
32114
26220
28305
15065
24074
31181
32306
29417
13372
25159
20683
28484
6653
31440
6926
287
3517
12774
5135
15251
27963
26904
26289
28485
4765
28104
22366
2374
18368
28463
29180
22840
973
5538
21532
691
9997
7955
26484
7655
10494
9434
8335
19330
27814
28342
5571
16340
12071
30478
612
2352
17556
1149
2615
5526
5891
31886
20777
15248
7139
21444
15169
19034
13200
16094
26836
25925
10021
2392
17144
11869
14482
13621
11322
1098
30958
18428
10644
22388
22798
26881
6041
23147
10326
13541
16371
4485
30159
27232
25359
1481
1914
21566
2583
7947
23524
5288
13601
26969
27131
13733
14758
18838
4896
8929
25909
25957
31613
28844
14440
16969
15513
5189
19992
24586
9769
29017
17101
21082
298
24775
12408
7608
2348
5286
4709
23445
4081
32137
9579
27061
32566
5377
6246
10457
11473
12644
8423
3739
13564
18125
18473
3737
20209
14692
1095
7893
20407
9440
29101
23388
20283
15690
16588
3366
9122
11523
11283
6206
9950
5128
2586
5410
31359
3189
20512
6509
15820
22600
6327
29619
27155
7272
702
24237
18749
19686
31888
28566
15013
11906
20347
17364
14891
4465
32628
12763
23940
10589
21256
335
15316
9902
6038
28264
29566
29960
30140
31899
16954
17172
27151
23671
25449
14212
13839
26829
10406
30545
23898
32531
158
24903
799
14090
24609
8900
15318
15775
16761
2493
10030
22287
11770
14337
26183
19535
1498
7106
16930
18347
31299
20817
5718
25773
28071
21033
21508
30528
11860
5423
12556
19989
16200
1080
22401
29766
9030
27340
10587
13882
24105
16938
27756
28104
8313
32395
29334
22943
20796
16811
4666
997
27150
5766
755
31774
22900
6751
29317
26704
24430
14087
26128
12644
6219
21084
15242
20176
10689
5904
24427
30067
17981
15020
2730
11712
31352
25812
7401
5407
31051
7116
26349
20112
22980
23099
31056
26258
31609
12847
19322
11843
1308
8546
20173
20936
12624
31420
16928
11759
23995
2328
22895
10515
4189
20299
3536
4929
26400
2402
10665
20888
9648
21292
25889
22774
21900
6137
9940
15313
11358
12192
15563
20322
11400
19655
8619
11273
13311
8286
8748
3309
27996
22125
30413
21219
22320
20496
9671
11921
21912
16063
16703
13779
530
1235
21951
26717
11663
32582
7399
26530
18634
7355
18528
26101
9943
26046
30994
4334
19967
23116
13975
31504
19147
18582
31471
18600
14687
258
9845
9208
30985
2931
28689
15509
15898
16842
9648
22030
30197
29613
20721
10702
12645
30599
5153
8260
2356
19663
21354
9537
12537
13198
32327
7073
11313
23835
3387
13357
22929
6697
1987
11200
18587
10756
9865
13481
3440
3864
26074
3921
1765
3251
7258
5662
19160
12812
27127
16534
11461
5763
4891
25032
4756
11050
7206
9703
2997
17797
14619
4921
24175
18318
26009
4655
32629
2300
14606
16598
10171
26053
19239
5486
31879
5602
15499
5207
32203
12882
14280
7477
11954
2913
32397
4940
11385
13354
22299
25900
10112
26459
28150
14227
29345
10552
32736
14223
7360
19171
24583
22499
18595
13018
11902
32172
14084
3777
21226
24644
14053
21090
3966
8295
28708
10226
16425
23188
15439
13717
6669
14518
441
23589
32564
18180
17614
21295
14974
4134
25507
17983
14302
17561
12242
22366
3270
29012
23172
10968
25824
2476
26319
24643
9983
18549
5699
7356
26197
11370
959
2676
29670
5071
24713
29036
9276
15188
1950
19836
7517
9277
23367
1434
16634
9664
8429
10329
1769
11694
20270
20912
23510
29782
561
7677
22581
10151
2614
20041
25466
20884
18545
462
6029
32189
19992
10422
30840
25163
29115
5158
21603
4123
20180
18299
24515
28192
25503
28372
25038
1026
16683
7888
1330
22539
433
16793
8454
25668
31014
21793
3585
26331
21516
24235
23530
4552
6285
14222
31567
23984
15818
5941
12154
1034
19825
32363
23713
25728
17293
26581
1629
22936
8355
25024
4701
16531
25082
29982
9052
14486
21562
32202
8272
23815
29753
22548
15333
32570
21009
1913
4137
9037
10870
15026
8841
17488
10822
20721
25596
9129
4194
17511
382
10167
8637
7689
6336
3510
9138
22164
9502
29411
20635
18638
14545
30944
31391
6415
22118
2393
20683
13825
32366
31976
31332
22180
17784
10550
31868
6549
1596
6756
7620
10639
1049
31657
15521
2866
4546
29500
19330
30723
4148
30068
26480
27317
23019
21293
15591
16551
28245
1903
12004
5293
29063
2122
29759
14099
21551
7940
7995
26335
14281
2935
17244
12375
25366
30388
11640
5315
23242
30956
25105
24436
29317
13969
21986
19461
27141
22712
5304
25057
27290
25794
19075
10501
30938
14139
25261
7176
11925
9730
12714
31576
20748
3498
23761
26054
5981
20001
29802
23109
13634
31375
29704
1774
32251
16513
7449
2376
13193
19015
24507
967
22045
8346
17873
11410
2000
20355
5206
14729
22676
21112
5874
19847
3691
3015
18891
19172
15831
19256
21918
12095
18065
10221
4622
23674
2173
12686
572
29445
25822
15523
32663
8544
24519
20033
1782
3291
30162
27369
23524
14241
31251
19629
30266
2036
4175
17556
28148
21690
5994
19264
22845
6969
6175
1230
20684
16927
3060
15358
3699
3525
4204
6292
23029
10676
23166
5374
14361
27497
32326
30518
4092
12885
24315
20714
15019
2344
23329
19163
12529
27727
2303
16259
19310
22971
5972
26874
18665
3557
9798
9754
3816
4623
11419
6882
22653
32716
15659
12312
18274
7618
16533
13874
2888
14767
30514
12151
4973
25514
22343
1378
32365
28332
7039
11591
15450
23118
5528
56
5902
2516
6492
18986
5312
27755
5075
21588
26838
31407
8887
28376
26362
11632
16424
15781
11376
20918
22177
19612
29607
24066
20779
12018
17934
11479
31696
11733
40
16505
18515
19026
23523
29685
19230
5750
29990
15713
1148
10675
31913
25957
18952
13446
3337
22523
25702
30551
22044
29298
13616
8353
4738
29369
31027
22098
31612
27610
31452
28277
12033
25541
18669
6926
15375
32335
17780
3397
18752
22906
8446
21447
2461
32503
5640
30826
29622
3817
30902
8464
28403
2028
28360
14285
27429
20566
25545
24140
5728
25789
3465
12398
9485
20409
5326
6709
24635
20202
13895
17633
28214
18749
28609
24408
2395
31340
3485
17867
6442
30660
11394
19607
24989
29227
847
12905
15544
22881
2388
32166
4706
17542
19649
18698
627
17373
3422
17295
29966
32719
28541
26512
1329
18739
23342
11566
31114
32460
23473
15347
16269
27667
4913
24501
7363
1335
5807
17597
2661
9315
17980
16169
28457
11327
30059
8591
11100
13241
30726
26339
11057
7941
26368
13211
29529
18914
12715
29200
23507
10016
20267
3624
27910
31071
9259
5170
4877
2329
28878
14097
6994
31715
23272
413
12382
12527
26735
14150
18415
18134
32300
10235
14155
11924
14006
31562
25045
28628
9633
14024
13790
623
23283
947
27581
24879
15063
30678
15138
14808
32150
26029
31399
24169
27586
30666
23976
23455
10933
7031
17493
22715
11578
32413
20997
9349
7305
9444
15822
5009
19833
22556
4434
5057
5617
30684
18907
6411
5791
27752
4011
18300
19693
16600
30605
32381
305
10359
688
10582
25892
29546
20661
30960
30358
13970
14343
27359
31328
10931
14443
16799
9113
1749
31704
21022
15117
23018
22920
19067
23274
10162
3919
22030
4797
19676
9516
17064
1949
28270
12062
2844
25766
30822
24888
27390
12202
28577
10744
24490
22050
6909
18133
14984
1643
18363
1815
10383
10543
11559
12523
21256
3873
13178
15543
32149
9965
8703
23211
17777
20334
30837
30361
26105
6690
30645
11782
9836
4572
7572
27777
21743
22969
6155
8755
29396
14421
29589
18616
30235
25407
2265
10797
17465
7850
28041
7818
18969
1381
27786
13106
21857
3341
18773
28873
4854
6785
21149
13126
22210
14998
2098
18505
4277
21260
22565
18350
4873
24513
14125
23138
3531
4133
6217
25461
25495
22766
1959
16241
15267
19981
27845
3563
29950
22752
14294
14679
24346
7849
32359
12577
23433
11071
19266
2553
19716
13315
9618
30830
30641
1814
4937
22974
13990
31433
6847
16108
10921
29013
1947
11796
17977
17613
30455
3580
23251
12112
28351
28651
2926
899
1114
11198
18504
18750
22157
568
14308
4742
24220
14746
12627
7356
23730
26739
11188
4627
25474
25274
18167
32584
18223
32026
20966
20877
29545
6797
29029
28870
27866
14380
19704
18935
448
27462
25735
24061
28123
1455
29534
10365
30089
21594
1144
29467
15408
11306
7165
26860
23004
14598
6665
32301
29737
17196
15023
53
24164
24263
22334
25000
1261
14787
19650
5870
10207
31712
11214
5859
10483
27909
5497
21456
28834
21976
27047
16539
11914
20107
10890
13882
30995
28664
14696
19821
4178
6897
20638
173
18478
18897
24293
10847
24001
8279
10196
13134
15361
11701
19878
1368
29599
5347
10302
5736
27183
3897
3432
8100
1162
32061
28258
21735
20592
31162
28315
12401
29042
8978
22458
9949
21775
3796
3810
22356
29214
7057
28468
3073
5996
5356
11670
7876
3493
24049
10675
5675
4216
5544
20547
3742
25334
27113
29325
17369
827
3185
14122
20128
16721
32310
2059
27309
15697
9464
8638
22766
4299
24345
10220
12781
10088
2478
25383
15504
2766
11478
3042
7426
9668
16971
18113
28657
17047
18998
13844
9722
18620
8776
17566
13153
32182
21254
3482
26630
19771
18276
1536
916
23698
8854
19204
23036
27967
10275
14815
7202
21218
27195
13523
6357
93
12874
14697
2565
28725
22477
11262
16944
27707
31077
31869
19998
30827
19497
2158
24270
25876
30017
24112
4016
19513
8625
17794
23829
32311
20594
12617
24291
8617
711
32397
7053
2697
18126
9412
1858
3224
20565
15187
869
19711
5104
30802
29246
22326
6216
3215
13039
31013
29110
214
6569
10889
7185
30832
14367
922
9924
31978
2619
1771
26403
14104
23312
17041
9471
14680
30225
3207
30071
16155
30848
24145
14354
1442
22313
5088
27147
8710
27727
4534
17388
30843
8679
5706
21854
14549
3076
15022
4928
1100
1939
26223
3062
8316
12616
15037
13828
23472
18648
14539
3291
1631
21609
10105
28658
9719
6214
31793
30745
17626
14040
19214
14091
934
3282
580
5442
20410
7595
29884
16911
25334
9297
30718
27113
28865
7196
6484
9990
9297
22016
11820
24616
21543
28168
17343
2490
3800
13567
12784
32027
25875
25200
21879
23098
5344
8914
13630
10083
31270
22012
5899
9048
26736
4575
18272
32164
20976
15731
6304
26924
24517
22514
23922
15623
24441
16453
25194
6031
10702
4283
10983
14264
26298
25345
30007
161
21168
4175
18946
23401
26913
16863
6885
27460
6211
26019
13405
18382
25105
23351
1767
12703
3731
27925
2917
29983
21343
27144
18116
28571
5216
29411
12508
27289
8662
20594
663
16745
6046
26033
12118
1277
16820
4668
3472
4603
10742
6407
29372
19727
13098
24399
18034
31110
25923
6096
20685
24089
20192
11833
18451
11270
8214
1757
24984
23654
25199
26283
27103
30650
29234
5984
10243
31687
7397
7163
4181
21412
2321
2417
2631
5649
19269
22435
19849
32266
19549
16013
6769
20892
25860
29632
20896
11000
21112
23570
12003
22470
26766
1428
11095
17083
9461
32196
19153
7022
1982
22532
22652
12391
21788
30795
22212
12153
9321
30235
9843
16467
24682
11187
10522
11601
7380
17797
25267
3736
25871
26090
24196
11105
26681
12565
23367
1429
9838
21829
647
17307
839
25407
12109
27757
24992
2812
2044
10738
11423
4255
28538
1416
29170
3498
4496
21215
29015
21104
3732
15630
17762
31694
2629
10720
2427
4374
8694
26479
8486
15948
3567
22517
1159
32405
29200
4062
13861
19180
8631
6690
17902
8471
23268
22225
1403
30425
15515
10224
20886
28010
31882
24707
5369
22820
8172
10731
26713
29055
15277
21362
29603
15679
32719
16421
29830
3820
4620
26338
3633
9603
31677
6321
18014
17771
12026
343
21391
23978
26371
5673
8343
3417
26590
26399
10589
7509
24898
1577
5341
16952
30900
30918
12399
14984
16112
26578
12364
7470
5258
415
22862
27689
16853
16968
30711
16259
17924
5698
18613
7300
8591
2868
13668
19751
8153
777
3093
19402
25615
7491
4878
5929
15699
19090
7698
653
1562
16037
2274
22081
4818
13376
15107
21574
29641
14223
6338
30023
3658
27322
1398
29135
20745
30905
23301
27578
1984
10858
31401
19434
4635
20960
23284
10299
466
32766
14098
17848
25620
14405
17231
2831
14892
5867
2776
30530
25951
7469
23238
28832
2579
6118
24152
32756
11831
21599
20608
19452
5854
5993
26274
26908
10541
2729
22680
20820
21112
5172
10745
6256
15272
19548
6299
12414
19424
1481
21590
21125
15968
7115
25611
24436
20393
31470
23525
19801
17889
6095
18655
29907
22650
18479
30087
21194
15119
12870
27649
4701
20366
18009
22862
29468
17308
30351
13775
24440
7477
8449
22276
18295
31379
24592
20122
5037
2386
13563
15013
17511
30929
16561
27434
4393
27611
32483
224
7259
11655
14174
26935
3903
11612
6552
23450
12838
1721
13960
15345
21732
6004
19643
1643
7041
27074
6821
10362
817
30039
11061
27423
13190
31694
20652
21095
28645
1098
16814
5686
15671
14942
3225
6211
4064
13354
21783
31588
5621
25543
4079
16396
29097
14310
12577
2577
30729
12211
49
29619
18410
26112
1731
4571
19743
22431
19816
3488
1007
26895
23224
30479
4294
28508
10401
13612
42
16448
1022
14132
17137
3470
2667
19237
15025
4048
14936
15744
27257
17455
18781
9806
8126
16788
13517
1889
10136
26893
16526
8156
25647
30066
22568
6390
22127
11848
1563
28666
28676
16869
30070
16786
16770
2773
12709
23110
22755
17533
6283
12352
25655
29438
13009
10834
27799
605
26237
22586
15707
24800
14278
36
19341
6331
3110
9584
12701
11499
9138
27830
4949
15715
15527
263
32272
13926
5445
24182
6439
3892
16352
9687
15021
23528
32052
24007
13404
13985
4345
17645
27854
17376
17591
6527
6385
22065
3292
31239
10677
29966
1036
17255
16903
19200
12472
4122
18691
16135
18674
15550
27749
15676
26751
5583
10049
29365
27950
4790
8437
169
28009
16898
30811
27348
32010
19189
20291
17693
13424
10306
10784
25719
11729
21
30721
5893
27857
15700
22211
10113
25684
20004
26501
12254
3729
11184
18269
32556
19305
3878
73
5821
30966
30721
1641
646
31334
26510
5483
4295
8458
30121
582
11503
11178
8904
21803
25018
20508
2876
16312
18076
788
24499
17264
23650
29246
18176
7272
7447
25738
3359
17474
17188
29896
17267
8543
3004
23156
13907
13905
30839
13523
23493
25999
21565
3135
8073
7533
32614
32190
12378
75
18207
17626
12912
23820
19472
6061
31561
3018
15420
2364
15017
711
25640
26118
13536
14247
23359
16092
29259
8413
20341
5618
2077
27492
13355
25143
24159
14511
22610
23778
5942
30946
10196
19789
31589
13634
7215
18183
4114
24298
8291
3621
14797
30145
27663
5592
4302
7080
6615
19781
19070
26616
32008
11920
23610
3883
31359
17466
15187
13017
26823
6318
24153
28135
15233
17430
25497
28923
32265
3187
228
17202
24918
19437
8338
31510
24866
4455
20423
970
17483
12119
25077
17032
31866
11477
28066
12366
10498
19698
1644
15315
16651
8266
22602
1984
10479
21725
2068
22813
14052
14362
32070
18953
27356
7997
30977
5295
23977
10715
7762
2677
11109
4795
20407
2934
23825
744
1503
4659
5500
6916
946
10117
1382
9951
2961
21207
27366
12105
31199
23185
8201
24100
26816
26839
31932
26813
16672
26740
4076
29788
23800
11793
29675
10521
7884
16811
16918
26354
8825
23620
27061
20763
27437
28120
28194
9109
12983
16274
20526
1794
15873
1600
9920
22200
23258
30981
10943
3348
27385
16461
14898
18960
8255
20742
5798
10264
20029
2062
25296
21274
29942
6631
9076
5597
26854
10930
18310
20883
15427
8795
31630
5041
19842
4369
19537
15870
7965
14329
23725
29930
23700
2595
12997
18466
12466
14781
24670
18785
20753
9606
2697
1417
25312
14982
5251
5106
7396
7677
29145
12290
19133
13209
25551
4350
5483
21483
9731
29727
13584
18204
20046
3305
28663
22492
25579
20408
2774
4764
29147
19100
3664
1277
6279
102
1470
4488
25256
31235
6959
11167
24932
521
13485
4019
21433
16016
30403
19384
23839
7491
20540
11222
3945
17847
29484
24418
19437
1531
24373
27148
16356
28016
24835
13658
20
2522
11033
22101
1964
31416
27600
23426
7791
20177
1180
14099
27156
24592
18066
6495
12013
8593
22567
20368
968
5116
10299
31387
32019
21522
4694
12918
4931
30597
6193
27013
18550
11277
21624
9301
20822
19640
2766
22924
17729
24962
30994
3616
6568
15653
19936
456
27829
11570
26715
32688
25393
28769
17706
10097
7588
26405
15553
16960
2238
12932
30434
30821
3317
13606
14179
31472
24944
10924
26673
30119
1572
18755
1173
23874
10557
8568
18870
28123
31679
12366
20576
28064
14701
22413
29699
1995
26602
12382
11007
21460
4382
27669
13342
23780
31963
14158
15714
15758
11712
21307
26626
9146
9566
22844
19887
20705
13210
23728
27419
27264
21842
24332
5052
11974
26180
18986
21198
24976
10795
25827
23959
1432
28970
30175
31470
13801
23406
2220
1022
13207
16
2318
25160
31660
31544
10390
12007
31077
10120
17014
22296
10399
1720
12692
27129
15500
7549
19677
29585
7850
18096
32220
2321
23030
16812
9611
27225
18013
32760
17257
23742
2163
30246
4812
8971
14695
29690
4729
14021
19255
18383
10866
9908
32032
12599
25615
16030
29785
26338
26704
23638
19712
13249
14450
5622
14165
28522
21696
5480
29990
21951
17836
19755
19338
458
15134
27219
15570
4076
13836
10194
7869
11063
28747
26359
24811
2584
30373
12596
6036
7737
10539
1828
7802
31653
5580
8396
26652
15150
24871
802
19757
23564
12702
3787
28740
26822
20652
27689
2517
25430
30328
30869
12384
15496
29610
6377
28904
23203
11645
5442
19367
29515
8213
25092
26880
15526
23316
31262
6837
14782
11368
11919
32090
9766
28006
3881
19978
17633
9757
20628
18520
5759
31460
21399
8328
14985
6198
12691
28160
31
4288
29264
6649
27104
25015
20220
9850
10506
4463
9841
24967
21474
7210
1719
22678
23383
9006
28618
8258
994
4634
13213
17475
26032
11897
5982
29598
14339
17816
6652
15641
27606
27797
999
28658
22976
1721
9239
29904
1818
1543
24143
13050
18020
6677
28323
21959
14053
16667
1592
1622
26514
28490
9547
28030
8497
16479
22132
4616
7102
26487
12076
26396
8974
20773
14734
7930
28338
11202
11098
5611
12574
18948
3647
26998
8715
5074
15706
4054
2073
31063
23546
940
1465
7254
10662
22514
11594
9149
22369
18480
8322
28028
16940
6386
16144
4759
14029
23673
10367
29050
8911
28593
5470
12942
22218
17251
19358
31497
15844
17836
12859
16906
11928
32686
18463
31717
14518
15237
579
4027
5291
18044
21783
19279
6147
9089
27940
18708
21292
16855
23279
31883
15485
3083
13857
22731
3190
25385
31718
17761
12106
23087
11411
21851
28570
17858
27787
29856
16004
29728
11363
32643
15580
8534
7236
30871
27065
31667
28305
20676
6708
19580
11722
30106
7788
6369
10673
6630
14286
20272
16299
27779
17555
21577
616
12659
17545
1362
1222
28974
6935
428
19443
12858
12923
20773
11474
28924
25687
14959
6305
18894
19308
24017
7384
2386
25253
26652
6740
5893
5463
29153
30644
28183
9415
24289
21252
6266
1773
20933
30361
24633
8823
2063
5435
11019
3089
12881
4490
13352
10468
7324
21658
6235
23132
15164
30689
26712
5935
28578
18003
13649
5531
6562
22731
19396
27375
18655
20909
4247
17484
8835
31689
13414
7341
20275
20611
12572
5157
1346
10545
17856
19560
804
8133
25746
28301
3622
25260
18263
15890
18781
32758
7665
23841
30940
27574
2866
9745
1322
17836
25586
15920
21236
8737
25695
17856
17150
23059
20373
18751
28255
9874
11631
22508
29422
2922
6812
25478
25592
21762
24309
19799
13108
11652
15885
17521
9720
3390
13834
22840
10924
2633
8372
27168
8832
19304
27340
19896
29530
8754
21919
24040
30226
4212
30427
18550
5346
15569
27296
18639
11800
6827
27610
12037
3854
18759
18127
22548
7004
28203
23028
31593
29772
3787
6405
29093
13455
11621
18004
22686
5166
11562
22114
14502
2243
16798
12716
3857
13800
27969
18631
25073
16880
21359
11951
16676
25301
24965
11613
22673
14194
4933
2199
30638
16626
22140
25356
12870
4233
20961
31136
32377
32098
4929
10501
29700
30424
26841
29067
4290
18152
27140
27961
9843
22758
29462
27676
21949
22640
6279
10975
14960
15521
21844
22428
11534
4998
30882
22770
15755
8662
5796
2904
19281
10973
192
26800
24199
29882
2285
20000
9875
23754
5216
21533
16861
4196
16743
27848
13014
15815
9365
15486
9786
20816
24863
24746
28306
4849
8326
6366
22780
14302
11638
1571
16174
15497
13807
29837
31417
6865
30882
25362
7563
12406
24990
15771
5048
27089
23083
32092
4730
1218
20470
9057
30838
32745
14191
16746
832
2585
3440
1273
32290
1545
7199
30889
19993
30285
1813
28609
32545
25989
25280
20489
14002
7893
23301
11741
12171
19093
11562
28287
8878
17225
30964
25778
16812
14035
11532
7044
9762
26599
4775
17259
23172
9152
15462
30099
24601
16401
23675
16759
22087
13631
17934
14511
10001
10445
7647
27912
23774
31768
32300
5338
1404
13124
4565
18838
18020
18550
27326
5279
1600
16195
6005
15963
20394
3177
15381
5001
20791
9661
12906
5333
7860
20069
30037
17577
6063
29511
23410
1863
5946
11201
25849
18709
20715
12955
8418
24375
32551
27450
27981
22115
18080
18198
5920
9201
29469
8046
7410
27954
29050
22330
6440
22787
10991
22881
5981
8098
9621
18220
22792
19648
3621
27386
19800
26583
3843
17206
16483
30397
6268
14727
1408
3706
32332
23110
8433
26199
3684
8245
13510
8503
1258
10350
13565
16682
384
25241
9966
31040
25033
4450
28647
20891
9513
12075
30483
20936
15821
2813
7840
9552
29420
12741
22560
28297
14412
30653
22576
15282
7943
13864
11608
21055
17295
4418
15923
17522
23792
23159
29392
1323
20821
25299
3415
28161
29646
20922
30192
27537
20304
21465
32224
17430
8958
13916
24053
11323
29606
16993
29733
7725
22159
27821
1138
9971
22898
11678
273
7682
11206
5473
7626
31500
27968
28773
12962
15898
17819
4112
12728
7642
10645
2992
13421
28730
28986
3508
25543
309
9060
284
16408
19437
6787
13102
3034
18939
26266
15723
24030
19715
4234
19393
7846
5771
8851
4866
29967
8717
6680
2965
26162
21834
9890
17516
11405
2786
23080
25141
2654
11042
11918
7893
6992
18205
1131
23826
26969
27134
32527
9359
18659
5276
25029
6654
16426
5967
21077
18321
32229
15875
9421
18865
9000
650
5249
13299
25737
14647
3665
16968
18050
27560
28714
10868
30998
21987
25040
8641
5815
14757
10970
27380
19048
31734
10750
128
8479
16641
20878
12026
2669
31267
19779
13261
19552
6722
13626
13359
28329
25696
29244
8275
24826
2159
14146
22240
24754
615
13368
7331
25020
28567
26114
15488
32436
20024
10173
25519
13388
23368
26951
3621
27631
662
12033
5967
6564
5401
16083
17158
28980
14725
7793
21184
30351
19232
18141
31491
28012
6866
12590
19744
27696
18044
8335
26909
5649
6795
19850
3059
16507
12749
22151
19962
1970
18307
6543
9633
5818
28599
23382
610
9844
10704
24441
5109
30729
355
22020
4548
20107
12620
16951
5792
11226
31998
16010
25778
21701
13335
16878
9652
24690
5176
19030
31585
22272
32019
4214
29737
9066
10949
10442
14378
23727
27239
13787
604
10800
31967
4030
14859
18265
7164
1245
16523
27267
21955
6138
18215
4889
12803
24432
16730
762
22064
27068
18242
26399
7021
19261
31825
29566
19179
14648
20038
30254
29810
22047
8283
9675
4925
4883
14016
12060
29963
19111
30281
17907
6003
30951
19556
15701
28536
13465
21325
27355
20317
19906
1669
22872
24251
13676
7040
3772
22736
4775
21149
26937
1306
10446
21596
22436
7716
29451
28364
28957
6817
6429
18242
12274
3255
8537
21584
21441
2973
1007
13301
11997
23400
879
12818
25331
18210
28300
4893
20718
24861
12063
30489
16407
7558
19055
26822
129
31549
13999
27925
3236
12004
10696
9950
28232
1079
17753
25301
27301
27035
17404
8123
14792
23033
3020
26321
19768
6348
18980
2194
27098
29817
31913
4513
6418
736
2954
3073
13611
3120
22790
24708
5369
6143
27183
27782
6844
20634
3310
8154
10824
12441
8008
14085
19043
11959
23519
26026
30063
23521
20412
1350
23881
10125
23883
7198
9840
15949
28839
20597
24170
13988
18712
7169
12643
24
31707
21408
8984
18568
5153
22344
20211
19392
29785
32316
29559
16715
23730
4998
19679
23688
15068
30369
770
4865
9999
13430
11898
7415
12879
11402
14597
25666
27118
5749
7467
21848
13394
31638
18722
18091
27385
30981
10478
27192
21945
24009
7116
32092
27469
31051
22737
10986
31501
11787
1743
21372
9213
7314
2936
12294
15625
31400
21958
689
4751
27334
10138
18918
7454
26574
8867
10664
5502
6394
7297
32552
2544
8722
32298
21139
22710
17379
12941
6959
13270
24812
26742
2470
4636
14938
11186
19618
12638
31031
6515
921
3587
22494
13302
21483
29638
32690
6498
21546
3000
28431
8692
16824
2948
31617
10585
13464
27127
17460
1883
17790
15552
10412
31680
23080
9076
6070
4463
3057
25557
19103
15573
23716
6995
16547
14727
11662
10707
3752
27433
11479
14768
22317
17806
11538
2303
32381
32
6930
22552
28456
6275
1535
8530
691
26741
28074
32269
25231
21241
19230
23798
30024
19636
1912
28038
11263
17303
21752
25804
17434
10686
7767
32621
20794
10136
91
25833
9069
14665
426
20511
23974
15180
31964
8468
20586
10845
28883
15344
27851
6806
11087
22857
25498
10712
445
11172
17625
29036
3152
32313
13167
15082
5971
12535
287
31834
16062
13768
18107
24474
26631
29462
19605
22784
3642
12174
22327
4415
5196
27428
11348
9871
4525
18775
25598
2312
19740
28854
23064
30287
22975
931
21519
22645
2675
5719
11973
3100
12129
17958
10446
20956
20946
22020
7391
28389
25156
29769
16515
16613
3260
3505
15120
18732
10079
20903
10458
29454
28476
19395
24230
6536
1901
13969
354
4135
28254
27540
17939
13094
23916
5258
28174
17110
18098
498
21355
3651
25887
19148
6583
12565
4812
6560
22249
26804
22925
19137
18583
17584
29127
16339
26986
13919
9089
3211
31440
17352
15805
24758
22256
25023
6152
21373
7907
14674
21072
29671
6433
23652
18166
17055
21561
11672
25380
30968
25030
32625
22881
16686
15774
11959
25186
17391
13644
15388
35
12057
25537
10527
30519
6598
5446
7217
29277
27014
10165
4118
1107
7403
15081
4751
31727
8011
17779
22070
15979
2497
24974
7081
7169
30069
26198
13802
21175
17181
8500
11782
13181
31684
17309
18933
7541
11978
22780
31426
17298
28973
22764
30188
28772
25094
10667
32267
15410
22615
9931
7862
26954
7683
43
24485
23189
23582
1318
13075
22638
7271
12298
9062
6068
1043
1484
1042
14110
11213
7674
10683
9935
14586
26352
28058
11819
7233
31311
33
1000
6475
5547
20194
11368
31687
2948
429
4678
7602
16504
21240
3375
8917
2230
18308
19187
3471
31158
2366
20187
4308
1064
26980
31550
17270
27178
19944
22863
6307
26045
3609
4921
16816
4986
640
21614
23828
30081
19464
1083
5816
8883
5731
3745
7534
30241
22952
12128
4542
21187
24385
29524
20969
20334
3588
25604
18216
24320
16800
4473
6197
18654
12603
28236
25868
1440
10585
12803
28659
21514
7424
13726
22456
6718
21018
32364
18234
26417
11546
27427
15914
10332
24546
14128
22291
26548
32740
18508
11928
9691
18312
31312
20478
9368
1742
23882
19178
13701
1845
6608
22123
24839
26331
28564
9530
31107
12005
569
20289
28367
10529
26725
29787
30183
14570
12568
31835
22754
15181
21308
6223
804
12906
15229
26886
7636
16412
27738
28367
20625
13276
25724
9860
31328
12258
16199
30663
30441
10638
17328
22668
17380
18695
21838
18904
6862
27682
31667
4551
21216
20613
29692
22228
8001
10508
167
85
32123
8811
27557
69
26668
6933
28336
27206
8702
4701
30175
31718
11480
4827
28792
31266
16726
7186
9221
2089
23159
20303
13738
23394
10646
25556
23989
28847
1692
9782
31095
9972
12403
1796
28499
25299
29118
31913
6420
8122
32199
15508
10371
4640
6584
3990
14906
16139
26127
17803
2739
11478
23628
3132
420
4401
21740
11652
1935
8297
10651
30898
22932
25066
18342
23343
20363
11778
18095
27745
18511
14567
22436
28878
12380
20220
8178
6277
22173
9808
21749
31930
895
26983
11187
8368
1610
24382
28875
31196
11441
21641
23720
17223
22696
10815
30714
8244
10357
11608
9319
20995
25866
7126
7549
1365
10898
31490
1516
31345
32586
8952
21746
3302
19602
9061
14358
24178
28228
26000
15641
10531
19524
12183
22570
31932
12888
27899
6745
27482
23098
24671
11342
26967
23532
8845
24891
25711
30796
4794
30223
22049
29160
7179
20717
21848
26643
29784
21724
27467
26681
14383
7616
12194
10607
2076
14473
28634
9806
2855
11178
26090
2306
31391
25548
16935
7582
6934
22724
3173
16050
18093
32451
8287
28704
27794
22477
18777
7211
10694
14701
16643
9937
24356
6822
5537
19291
26783
32300
15209
30770
22987
19669
19756
7412
25503
13386
16441
7879
18297
24066
3967
26350
31586
4721
8689
16282
25491
7292
28719
29442
17721
305
11618
24757
22134
24501
30567
32047
4008
3453
21041
28587
8685
17089
29288
16953
14055
27438
6998
22544
23996
28380
5124
7717
18785
1919
30624
10749
17433
30177
25890
15039
31800
11152
21040
20621
3629
15571
1342
19988
28607
12003
31481
22626
8343
30296
15078
26872
17407
14818
24390
17953
2025
11577
21566
21890
32051
6231
4660
31985
17705
24292
22396
1419
14412
7154
9524
13568
27218
9706
876
4402
12141
3782
20619
511
1744
29825
8173
17754
3696
13772
27601
27041
25607
24323
7795
16938
5983
25439
13941
2592
4557
30317
2691
10637
5883
6591
28727
20663
17131
13025
19002
23984
10553
15758
16813
16425
31137
28196
11975
20359
19904
22614
29887
18233
1055
28193
21740
23880
19565
27393
32043
10031
18700
32612
21889
16622
27088
20575
20737
27226
25603
8096
17904
3767
27564
12196
4392
27272
4624
14378
2234
17318
28026
32487
471
26512
28216
26747
28145
25602
1254
5540
21277
11721
32239
24753
9148
10709
13904
20282
14682
19600
3487
19471
30422
17262
14668
15726
21955
23749
23848
19321
25359
8672
3363
27366
28386
22351
7258
32761
29641
22400
23889
11695
30996
31636
14204
9533
29821
1643
13829
2488
28426
17921
29641
15382
28980
24318
2212
9045
31304
30344
23534
17658
1806
11868
69
16829
27561
10013
31885
2691
1214
31979
9782
24972
984
29240
28861
31726
23307
15575
22134
22338
3032
10582
16008
6045
23889
2190
1081
450
15741
7032
876
26005
20990
28995
20071
3283
31729
27555
28890
513
21270
23915
25629
17314
23601
30558
6330
14253
32432
30530
14635
29502
32141
19767
2533
10892
30582
11079
2709
23835
12844
13118
15529
4659
13609
14012
13074
14736
30597
15752
20296
1115
9498
17959
20367
19033
16103
29870
4730
20323
6834
9172
13229
32022
1521
3147
26086
25803
4075
30289
11839
7625
16155
10626
25773
21434
13781
3824
7629
6492
2604
14709
25056
21369
21778
18504
21779
20505
15553
22479
13573
24054
32346
29876
20355
30768
15052
17723
22166
23106
2808
23763
13759
4149
7955
28139
19585
22292
27979
19974
12832
24991
13229
18
26281
21827
20806
14581
5426
4938
14984
4714
19299
8784
3312
24587
18997
19446
1510
23214
21498
17114
24805
5621
7070
25798
24795
29729
14636
27943
2259
3111
18323
11201
18385
13830
4011
5026
7165
12631
25715
13908
28932
6694
5277
32599
15804
8192
5452
17358
9479
13133
18972
31353
7673
7393
3683
12259
26429
13261
25526
2781
18868
9595
27055
29994
28256
1018
750
15484
19329
3734
19294
16288
27901
26796
17337
31733
7173
12988
22095
3874
10742
14784
6403
264
25213
12476
28822
27126
26879
10391
31016
18716
1336
14889
22523
8003
8994
5781
23163
8635
2584
29145
1659
6548
3899
31651
32706
17169
18197
23143
26310
16729
31356
23726
5303
31344
25273
21681
22719
28518
28906
21030
6793
25806
9381
11866
1536
28530
13790
7808
9305
14661
5643
16456
1619
4761
3205
21684
25533
9106
29234
7464
21561
20955
20577
3776
1345
11927
26357
20453
4455
155
24006
13347
23777
16090
9540
10805
6980
3872
19038
20578
25232
7428
16802
8973
28525
23832
28069
31111
32436
4194
25765
17703
24625
7184
14701
18077
9896
2407
19321
11651
6421
16893
25179
22069
18744
23592
6237
6627
29521
2998
22632
25828
2857
2782
29476
1869
6737
3959
3937
29635
21422
8296
31158
24717
54
24416
5991
32493
10484
6855
140
15537
8786
15348
1392
17413
23703
26016
9016
11659
7599
22170
11205
6318
2091
25789
9435
7731
5000
9248
8834
20752
22964
3724
8364
16770
24014
16179
8217
13914
12333
5790
2680
4247
5029
23272
8655
3386
2053
10282
32540
22870
24036
17718
25661
11367
14238
12424
25869
23780
7065
31097
11216
8984
31693
14774
23761
32301
22147
17137
23881
28554
21596
21718
387
95
1942
28481
26174
17789
12427
5294
31059
21868
11130
4337
30103
25783
27530
6183
22019
31883
9996
20972
1042
32640
6401
9422
17771
28855
31708
22018
11456
12581
8585
20822
4598
10030
19629
11623
21894
1142
12080
16404
29475
7668
12793
22322
10141
2632
27128
27009
11781
31310
24170
21471
22546
32755
1112
30396
1475
14151
4961
18382
16454
1492
6074
11270
31769
25647
25971
11714
18031
26060
20732
25412
25045
29462
20711
6499
5653
27071
27887
5760
14170
5973
7738
2492
10390
16919
1243
31336
23841
13318
5787
19390
7587
31807
11001
10446
5171
23175
2159
27834
25536
2344
22263
23334
20144
22780
7118
15595
12488
21447
8824
13579
20556
22729
30468
25066
19047
26516
21905
7867
7884
3356
13073
31032
7838
9997
17229
12182
17038
29025
8234
19128
11331
4657
30250
10403
22270
6091
23093
2866
15230
7430
11418
32522
27425
2002
11601
11985
26189
5651
9603
30363
12814
11440
19019
19365
28928
7398
15551
19526
880
21475
19242
3106
29374
10384
22428
28833
11269
15278
1957
12704
19966
7716
8541
21094
3618
12695
14759
9945
30991
30524
6071
14577
4653
16618
29138
8814
5777
30836
26453
11974
26402
28981
23545
22882
24058
30700
6229
31753
4879
5323
21413
16797
21522
13258
2761
12549
21399
10049
18577
25706
21367
14518
17207
16550
20082
15347
29485
16633
25881
22620
1817
11006
4588
31872
22815
16094
26815
12270
18782
14276
25954
14154
8637
12433
3456
16032
26343
16592
27080
32247
14996
26092
6731
3114
13067
3232
2597
21491
19428
20144
1632
24393
21523
14551
15381
27884
32034
11520
25044
1086
28606
13497
4166
31572
2421
22500
3601
9037
10174
19375
4860
3810
9274
3527
18004
10047
26169
16329
31886
785
11648
22266
30765
13281
31306
29751
12775
32160
13964
30767
27651
11395
1149
10191
5381
32017
22102
29950
15757
19066
13142
16267
9597
30506
19978
8803
9306
17310
20427
8456
28917
1910
32136
18750
3146
204
6598
7432
21416
11717
10212
22738
32274
25701
29860
27120
2278
7336
2023
10567
22460
8398
25528
11850
2961
6134
13452
20009
21797
7918
22216
6980
18081
25418
21892
30950
26749
29875
18063
5936
5537
16514
10163
27475
25290
27534
8506
30723
5424
32321
20912
31272
27750
5874
1771
19926
17281
5742
2121
8063
19836
31448
22073
15719
28891
23732
765
7513
1679
16958
2222
27289
26
15616
16512
12313
14579
1443
24391
29423
30508
2566
6970
20743
24402
8589
24311
30741
24469
23484
11720
2254
22056
7428
7461
14936
30443
32220
1914
20991
13384
8212
23594
17193
12122
28262
12499
2956
29525
31311
30676
8094
34
27677
12
31565
26697
14664
8677
10993
1556
5381
15761
24703
3058
20249
28308
26879
29721
5355
6275
5696
4975
18654
12555
28874
21419
25565
27444
17940
22711
5432
10215
26359
5465
5294
20399
10851
4883
23243
31164
2129
29000
13172
1069
24824
24479
24256
399
17476
6061
13321
8096
19844
6606
31555
27481
26467
12627
28813
5676
3097
995
9734
8331
21986
12315
14306
3497
29615
16248
1725
1156
22044
28535
27694
547
10403
5626
7584
284
27407
9454
12637
14938
16179
4395
31212
25373
16091
8347
11165
3138
28163
25503
98
1733
7495
23982
19936
29060
20635
8512
16838
21574
32316
25322
14430
27643
14823
18378
24930
3142
8264
29477
10000
14904
5813
5967
2944
25695
13084
3531
28726
23551
24634
15028
31732
29599
4622
16219
4817
26311
7822
16434
5263
28425
3736
16873
21802
10814
31531
25046
941
13842
19159
28058
29513
9411
25458
7682
31400
12069
9229
31019
23935
18410
15142
8170
29795
29728
11552
2666
1757
3323
7920
30743
3008
20181
14616
5819
17338
22899
14041
9447
25130
1418
30116
5013
14385
13185
6355
27403
5644
30585
5526
30467
22177
18059
15152
32264
18775
2384
2915
2083
28203
14247
30504
30903
14337
25010
21412
32682
18743
18978
7000
9669
24192
30133
20376
30814
23536
21500
3646
6196
12371
25954
12191
12186
707
618
190
5080
24186
10296
28096
5582
20708
28243
12448
17882
11768
2473
22564
12028
28361
212
15120
19768
24152
30107
11161
17212
2221
10172
32540
4931
8230
5353
15888
24377
19726
23056
4154
29728
7025
14815
14623
9394
31535
27784
14527
14152
1616
7361
25728
27386
407
13839
3177
22536
19290
26693
144
12153
11409
1095
2774
7681
16428
5652
12497
22056
25770
24580
21002
1449
27623
6990
30313
14872
32053
8652
24813
30920
23983
25859
15008
3564
4810
22110
27083
22268
4909
9402
26982
3163
31171
29479
13522
20022
28430
27885
7115
30895
15550
23246
4760
827
16258
7563
21124
28488
11038
12714
24210
2596
21694
8309
16493
1562
30601
582
4510
11998
10106
30210
9473
15659
26219
12772
25722
3498
3955
4476
14052
16150
3186
17655
586
31646
2538
1440
7770
29066
7441
29607
19222
16162
4132
289
32717
21963
18685
3665
9802
6260
32232
6950
5707
14640
11443
12804
25909
6692
2052
28616
24069
13732
20207
19718
13706
20889
17096
3220
20178
550
12086
29517
9186
16267
14473
11535
9897
4937
25678
774
11831
8327
4128
18221
17451
2996
19137
6417
26218
1390
17257
26585
4375
31906
17245
21891
9407
15349
26052
24432
31955
30307
438
28707
19036
1830
31383
15942
1770
26842
27299
7405
5069
10206
23497
8479
22920
21501
701
16531
31619
13646
12361
19895
29696
18520
27876
29942
11344
17786
29317
7995
25927
14219
30905
23985
1005
26045
1780
17102
5750
5319
16676
19599
9589
25411
25228
17413
9548
17748
23248
13840
7143
25485
16716
26987
20138
24846
4778
30184
3239
19696
27828
24829
26901
17124
15462
25472
31229
32534
4680
15535
28471
26968
4347
13939
5525
23420
10769
16102
6750
9985
7458
15122
8958
7667
27931
30460
3323
8972
16346
22241
27179
1311
23544
11711
3365
10679
14566
23831
14837
19195
21820
8689
20244
19668
18253
13090
31383
27986
15359
5322
20390
21580
22490
17696
20528
17991
11870
9842
16093
32409
17306
19047
19780
29903
19450
648
31327
4427
7777
23038
13627
5426
3191
23709
6132
14725
5445
20258
20193
18829
9727
15545
12
15485
23840
32195
18149
4691
956
7125
6199
30719
12562
14084
8794
30407
19554
20576
32171
13034
24830
7614
16697
32131
30882
19131
20417
15793
28680
19197
28893
29941
31160
8636
2680
25307
17182
17025
3717
3037
28638
28462
28912
10116
24428
14143
14805
14800
28887
31823
2033
23514
14565
8158
5974
30648
24165
15953
8290
31649
4289
6970
8945
18513
19667
8922
29138
24239
25593
9445
4728
4270
31084
11396
17650
14705
27085
6560
18462
16562
20737
24414
11801
28004
8767
3046
21753
19351
1639
32105
22463
10653
29846
26722
2951
28779
14583
4892
23810
23361
24028
27252
8742
21134
11021
21472
13348
28174
12127
24752
26011
25141
2185
18068
10507
23760
23860
16735
31628
5354
15697
16906
26560
4588
23727
3836
13574
28169
23501
14728
5872
6105
4845
3256
28920
22340
4969
22857
622
6562
21322
17142
3765
18720
14103
29434
21935
13158
28139
21456
28790
17271
21450
14909
26189
4824
20021
8080
3542
5620
22268
20777
3717
26559
10580
14648
5716
30874
17705
9415
6072
9335
15542
11003
9172
29757
82
6550
13549
3694
7309
2753
32031
6919
7803
2057
3406
7847
4688
24231
26719
4340
20525
2308
22183
12858
2874
20860
3491
25686
22261
4706
32746
2771
5834
14149
26977
13906
3043
25458
27566
7983
30017
25018
20207
13153
30220
16758
15019
15266
13863
17608
31496
23505
28936
1059
9791
29332
26311
27405
13902
7233
25460
29219
27373
23807
20654
14942
1986
13864
1393
28054
17112
10994
18480
2116
30542
30799
14116
28812
28748
1041
2787
32379
24635
18258
26420
22925
22582
14355
11810
20338
21435
30243
2383
2065
11431
16195
7563
15054
2913
28295
7333
18696
10069
2815
10625
25062
27556
10647
17003
4948
21529
9788
9643
27720
5728
30784
25690
5194
27506
9728
6004
31795
3412
7108
27438
3125
15617
27110
29833
29467
25765
11831
1319
31442
10763
11422
29021
1577
1369
23298
31883
7125
12283
25706
24488
8888
32733
26467
7713
13155
733
29603
7396
8921
28288
2795
12215
10901
14307
10546
4303
20943
26613
6143
30366
31740
32740
4375
15340
16532
469
29784
20009
28695
29144
5349
22018
27218
25371
24963
20018
10719
25950
27715
31899
10475
26278
5474
405
827
23862
23917
29062
31089
19899
8872
11443
14732
455
19889
26965
4271
640
12641
9200
27171
11162
8691
27104
16286
27266
1896
12852
24262
32220
28457
14528
10225
18736
24815
3950
10799
4320
31456
22997
16522
12894
6395
26381
5260
11419
2997
7617
10754
3267
8676
28293
22528
4903
2525
16490
21285
9339
19929
3024
11552
23361
28574
6012
28019
19845
26459
3051
10103
23243
2515
20709
12705
5702
6589
26965
25091
8522
2155
16727
29718
2564
10667
8851
31670
617
24299
17098
2414
876
32160
8366
25590
12404
29928
8951
31482
3853
30317
11699
30493
26333
9869
8669
2878
24027
6073
31538
27386
9403
5403
64
2674
18348
124
14528
2894
30534
18276
7717
31490
23998
13187
14965
17999
21597
6735
10584
1549
3376
12271
12143
2345
1280
344
23526
16362
20868
22966
26701
27768
8150
5901
19107
15518
30500
12832
11700
12495
5032
32146
17318
29799
28122
24651
9934
2868
16868
3869
15560
30773
11094
2471
20422
16801
10523
24186
21032
30251
7596
31355
77
6021
8067
1929
21673
3619
11731
7775
536
2625
7542
20411
26738
30247
21030
18624
14176
23980
6129
5784
13166
28409
12519
19807
20833
30863
27414
5692
7114
2188
21176
26833
5851
4393
21674
29654
5754
13960
25888
30976
14996
10669
32408
8232
1460
13514
3340
1449
16852
23743
6508
2058
10099
15329
18763
6365
31463
31226
1753
5350
5109
1426
25873
26496
927
29293
5171
32061
19517
8533
31349
18893
24527
5402
17653
25889
22674
6358
1267
975
8145
7029
11581
20153
30462
25717
1002
24042
5889
1515
23627
23232
22992
12231
11551
3408
8768
18520
22278
22790
30235
28179
12089
27788
32370
18064
8823
10477
25140
16085
1091
1019
12032
8407
24140
27118
17464
8766
21549
25165
29783
20585
28502
31762
20612
32178
26442
17673
21095
5107
14860
20601
22587
28745
10451
4358
10020
11287
27909
2518
26563
30542
14691
6899
20744
26604
23425
27888
30024
25283
4474
16336
26000
380
26593
8483
7992
6619
13307
19826
30651
19013
32299
16605
31430
12159
28845
15107
28302
10168
7815
14882
29287
18122
14013
12671
27539
24509
30661
32521
13399
18316
30522
25657
16724
13612
4565
1596
12565
25291
6040
14676
31205
21590
2124
7036
10723
26429
29742
16971
27992
3962
21734
26
20295
26064
29368
1129
26694
27472
10750
23423
28557
9762
9430
4433
25165
31618
23832
31653
13635
27401
31371
28535
17548
3886
24920
26012
30139
1804
1214
21157
16425
11622
21000
13830
3980
16616
18364
9336
13515
25007
3350
20891
22801
2060
7604
23776
10017
22661
23955
26022
7913
31005
10554
10915
18265
19414
13877
14470
12917
12915
22469
27610
1961
16258
31702
18990
2141
30874
29745
30323
17098
3554
24563
17573
26380
10962
18750
12462
29304
17470
19246
15495
9519
1936
21519
31136
30195
20309
22477
16770
30778
16635
1707
25011
26753
30680
23608
16089
21219
24943
6784
13091
2026
12015
1407
11237
21413
32765
29403
19074
11003
10931
466
3215
17214
17641
3952
16181
18436
21171
15110
16855
9010
15914
3801
23541
2905
31856
8471
10833
19526
1006
16655
26448
32212
30688
1184
4770
7429
11540
18930
15397
15185
27630
357
30215
14398
5040
21447
12844
14641
760
30922
3791
21380
27019
20917
22123
7384
26448
7257
14044
5549
7328
21063
29633
8752
4029
2112
6182
1363
2975
25069
27488
4643
23543
28112
11575
1879
2670
32123
23883
18724
301
19968
4528
27993
13987
5288
8412
19879
18050
17384
8899
5184
7179
7312
3392
30373
4492
24390
28599
4792
10535
12851
4601
8729
17108
3836
31335
30639
29609
19700
8027
31621
25178
7056
18371
6360
19708
283
24335
21102
7182
12714
16462
28969
9913
21075
15507
219
3159
31898
24734
3932
18227
5676
15800
25050
23695
20688
14815
5233
19948
26266
11043
22523
12165
26209
16976
16938
2077
9332
2253
25556
24058
9097
30148
6541
5426
2550
24195
19067
805
30500
17955
2406
23371
19776
20583
19471
22832
17203
23526
11459
19388
21205
1901
27183
26040
22365
9887
6518
30606
28701
27102
16001
30288
31596
15727
16023
29692
15843
9176
24877
27903
2508
3981
21247
3831
31447
32716
24415
23741
6671
25798
21453
21411
32269
3839
16841
30202
15211
11767
4837
24280
14716
8714
8990
17176
16186
9621
21868
929
19584
4442
22168
13548
4986
16422
590
16320
9817
21937
7795
32576
11595
27845
24760
40
14506
28834
29296
17748
883
9634
26271
13698
14843
9497
22099
5720
6365
20607
5943
14505
30775
32721
16485
14836
5910
28468
29052
32557
15150
12252
4082
19648
30927
8236
28332
8148
14100
12062
5068
11468
17502
28390
4299
10004
3840
15058
8391
13850
22076
29813
286
15258
26479
7172
14395
20255
15240
18432
16048
4807
2238
16405
16005
17734
7299
16195
23760
13613
4531
8507
16774
31085
14098
32524
20881
4886
14837
32510
20259
23653
26943
23486
21577
26878
9359
26300
23491
15222
19384
2514
19475
29716
17010
3110
14548
23769
23631
7761
20045
30397
17648
29121
6982
27708
14456
24411
11546
3345
8257
24933
12814
14146
26574
25764
5601
20828
7681
13505
19621
14848
13966
2034
16333
20638
32688
28118
4486
31617
8219
9632
10827
20236
12593
8055
17587
14915
18808
11549
27534
23693
2892
9679
7729
26807
3025
365
3854
14653
9772
11995
12424
31173
3827
10663
1029
2541
15329
4844
24388
32070
29647
20854
7153
23712
6879
32038
25974
3209
3835
6552
6421
32016
10366
25604
27699
1743
13104
14434
19703
6440
29560
20946
12564
7630
3021
27194
18147
13703
22126
32049
15541
12849
1875
12828
4711
29187
10851
12694
10551
22
20967
27158
1493
7716
2367
1995
30910
7055
24531
9163
8389
7589
8269
28269
31730
15650
2054
22771
31376
7414
4797
621
18562
24137
11919
27610
16598
5565
27683
14223
16285
9715
32550
30685
17913
9040
8951
20718
9335
9473
14243
29168
8095
10044
11027
10613
17098
25289
644
6426
21812
15810
6200
19559
9554
14743
24939
14071
7782
596
20617
24025
23632
807
10142
12341
12711
9245
20238
21299
21512
5420
1158
25880
8878
19062
30258
31667
15171
3532
7729
25079
20726
18801
29254
22761
31182
28705
15312
24509
26174
9810
11260
18235
14073
4282
57
5224
25863
27665
19180
30307
28697
21016
13413
21389
18202
20442
18450
12780
7942
12594
8691
32466
11263
9613
4174
31161
28830
8689
32164
18034
6023
9279
14051
27263
2880
15285
25053
14781
16451
31414
14329
30278
25937
13774
22825
10133
28170
13297
19228
27883
11195
13315
30900
20210
26743
27550
17850
21664
14441
25359
2769
24415
30056
21153
3496
4715
6348
25887
18804
18811
26496
916
7070
25251
9305
3669
10424
24441
15526
10049
3510
8567
8969
29000
12635
17824
19589
26922
18929
25446
983
15233
27453
13004
1802
15362
12466
24008
9030
25088
22501
235
17129
28209
24385
8003
8664
7605
31996
3457
7192
3668
585
6231
19096
14344
32464
27172
25169
8123
14427
29651
2449
10065
19154
23808
6036
7913
1129
16221
29269
31584
21016
12629
32419
22039
20556
25583
22135
6647
21468
22516
14725
434
32574
28244
27665
19275
14331
22470
30724
17624
4192
10159
1087
5767
31094
3653
13871
28127
20789
32244
20898
28232
8437
16385
2777
2766
8229
15469
16094
11554
20287
31004
1560
19937
16123
5174
21788
25113
22468
15822
8134
16906
13672
29889
12937
27945
27411
2785
13827
20331
17278
13395
4308
27583
20836
9782
7089
4060
25654
2181
23476
30014
13583
16191
14070
29547
24554
20165
22368
10107
32019
24451
12222
13527
28379
9426
22293
833
14224
11037
11831
7701
27564
20803
916
6350
5197
28989
10579
7371
5605
31745
12706
1108
28467
3238
17738
9944
25714
14024
18566
14968
27344
5166
16917
28362
26657
21930
14478
9430
6869
23361
31220
26725
15911
6028
394
3708
16024
16990
28648
7459
4764
7848
18767
24682
2963
22425
28218
20654
13050
14601
565
11801
2019
18199
13554
30056
12450
30993
8602
4593
29898
7061
14433
28900
4952
7670
26205
22993
18733
20193
28568
12394
7106
19521
12132
907
15383
10847
13038
3447
5612
5710
25110
2405
24372
30598
10878
571
15303
21711
24801
32409
18775
97
19623
11801
10149
20297
4534
31701
20724
24590
27786
10794
22206
13461
29832
23484
22183
9026
22671
11706
15279
25440
18897
18276
8107
14531
2273
714
24822
683
18700
4822
16484
12780
24045
19084
7031
27212
26428
27025
5846
21293
28391
4586
19706
23404
11620
19207
21803
29832
26693
13824
13995
2311
7949
22302
7217
12821
31298
6301
23448
28783
12483
27312
9689
27775
22364
9414
29495
456
20120
3084
32697
6533
17110
9011
27613
6285
29343
10099
21899
25722
12087
24272
32072
17418
19314
7068
19372
7878
27849
6461
19222
24545
29357
5680
27038
98
26652
20302
5963
31878
13169
16462
5255
14431
30848
19852
1231
6082
24802
15112
6575
19808
16014
5298
27118
9523
15529
27621
18694
19996
4768
3633
13014
26314
28019
6493
8091
20957
852
4268
21533
5451
1392
22368
550
18691
25613
13437
19768
22737
6357
17359
1919
7554
27505
30766
15109
4424
25690
4865
21285
9056
25068
13569
31298
28401
957
27712
32697
22840
24620
25449
23059
23266
14397
5705
6528
30905
7588
12174
24193
12163
16159
29647
10468
22311
20233
24013
4853
16658
14381
20473
19699
5593
5336
32566
27841
13856
7218
31455
26078
8890
31181
30220
15767
12306
17279
13841
20347
2249
365
19016
13840
17312
31849
28945
11204
4249
18046
19990
30758
16729
12744
21972
15702
12497
10633
4695
14778
19997
8570
9540
20979
20140
3935
11037
30480
19362
8926
25537
15617
20090
12177
17458
13646
4336
32090
21915
25097
29726
29431
1426
21761
29413
20182
19354
20280
5006
25130
18412
29847
7345
574
16247
26593
4438
9225
6437
25318
14427
22020
16480
7929
13078
3128
4309
8611
26426
29339
12151
16793
16383
14748
29895
30700
2685
4349
19539
20864
29017
17633
11645
5311
23460
12582
4478
28558
13056
32500
2731
16768
21765
24726
24822
22090
13283
16265
22455
9336
27208
4307
173
25694
18052
17302
16447
4944
4331
32229
26376
14102
4474
7126
1171
30106
6334
9433
22371
21732
4082
11080
32311
14152
21608
19007
20108
26590
25130
13741
29794
19251
4576
4267
16195
2110
28148
32269
16514
15766
25333
7991
7873
5858
20281
30003
17077
22160
13767
22528
16686
10186
6259
30764
9809
19621
15691
7845
1576
31900
25394
7884
30302
1854
10699
11979
21827
3875
12441
6696
534
28964
12644
667
27268
11211
6622
8989
4460
23305
26758
18754
29413
7207
20685
30920
27010
28159
27255
28016
30933
24940
28741
28428
8497
11775
20945
11226
8372
32500
7353
3344
17797
3172
255
14776
13659
21692
29872
15294
20031
2669
15044
31560
1170
2533
20806
1093
25169
27583
2741
19017
2968
1846
22185
24216
27749
30944
32185
19585
29599
409
21661
4077
32599
20924
10896
23095
24141
5274
30456
6462
2742
20516
2633
29881
572
27883
17959
13771
24391
31307
8395
19672
6011
738
30631
27030
898
1351
30029
22887
5131
25849
3725
8166
22546
26518
23261
32191
14434
4686
19455
22981
3161
31638
2269
16446
27628
25889
28600
27777
25322
12812
897
4292
27013
3417
18567
20527
17934
21662
21587
7989
15360
6910
5328
32291
11328
22617
4784
16889
2723
6336
13066
24442
19633
16428
15432
27775
13737
13935
8768
19344
9157
3946
23969
13749
17086
897
21137
5770
18323
19532
2708
28306
6535
14735
17840
12237
3176
4717
9935
18573
4119
5848
32612
20613
31045
13644
32337
3107
18299
18621
17929
14880
3165
29390
11761
24405
22575
26179
13069
1232
20376
13753
23512
7207
20134
31380
4979
32268
15635
26682
16386
14114
30663
8063
6228
5903
29597
22111
31938
13779
32106
10227
22361
25432
15164
8350
18235
13641
21215
23176
6978
10024
22950
15949
24551
155
29031
15350
1122
30215
14024
4136
23315
14176
25785
27035
31009
24896
20802
718
14689
1078
10111
1017
26233
13920
745
16708
20549
25404
20438
10550
20601
19899
5444
30576
648
30871
3026
32667
12997
26855
9743
9375
18632
30449
28151
20501
12564
8511
23483
32256
2551
5621
2497
12471
6065
26209
27116
24870
17368
6356
24605
16182
11258
3248
26106
22154
901
25795
7150
27500
19684
27603
27504
9223
11755
10106
7817
20950
25461
3381
4240
28508
6219
3511
23609
9750
9032
27267
10958
28846
28859
2489
2235
11633
6925
15408
25424
13571
30372
10694
5059
18769
5382
22516
7028
28872
834
32422
30069
4549
18316
8009
8522
25164
25127
4645
19181
32764
21896
32237
13334
17474
31160
28052
17080
10446
7930
30819
22735
20547
17326
12361
22873
1843
24949
19058
32418
20810
5526
13850
26053
22217
10400
5540
29552
17974
14673
19942
30183
32338
3767
8136
10316
5196
21909
13
31517
2612
19720
8560
17918
18866
9834
25843
18105
14072
7287
9332
4483
28661
1454
2945
22145
3020
26106
29293
8330
28292
17298
28579
28975
1281
17182
4923
24056
32051
20251
203
4849
20109
20096
23424
24165
9913
11938
14445
10730
3722
17493
2850
1181
23346
18516
16513
8879
16309
29411
31693
30241
4765
31410
10756
17611
7152
31493
24431
24483
32607
1298
13175
24380
5824
24746
3770
2445
20670
16412
8030
17652
26575
27479
26533
15483
1383
9806
6850
6489
9580
22177
15340
30140
19945
11385
13232
27845
28422
21171
20363
27604
32568
27202
24504
10503
10165
21710
26439
25341
5419
4769
4719
19936
16561
14276
26405
20898
17662
15461
25581
32134
5080
11388
241
21731
8144
31407
18256
22821
20013
31346
29368
29972
17702
17778
20791
11609
27220
4148
21838
14909
9574
12793
3656
28341
15127
25574
31433
4252
21597
31585
27050
1599
1507
9150
23812
32030
27578
23323
9099
28145
11596
13960
7198
8682
32145
12652
22428
7482
27525
3108
3320
4822
5849
32236
5008
17787
7400
15875
22458
31215
20974
10250
32160
24203
6772
32685
9807
3062
30991
6022
2826
819
9290
24382
25316
19678
14561
7414
18062
7602
23600
21989
1645
9295
25322
10818
9967
25658
20494
10340
30496
16934
16407
23336
30072
9586
5236
6035
30455
21234
29495
19896
17525
25842
28433
24796
8755
1144
27518
19161
30133
18378
4413
3776
32212
23088
26371
16066
20751
20731
25200
6481
5666
20934
1346
386
10970
28156
23241
22198
11559
22427
27035
28537
6771
21303
28040
15274
31026
2881
28112
20957
16570
10377
916
27645
29525
21506
25739
5942
7829
1477
1526
6929
13800
17753
27606
23521
31596
16178
30812
15455
27397
21367
20385
17041
23468
521
9111
1008
19210
22464
31808
7369
1861
16632
20509
14052
11034
25932
234
25444
8236
28833
4232
19438
7067
28007
8763
32525
18649
5147
7189
23509
5817
13328
31922
24775
23241
6512
14630
25077
16098
5245
14132
27239
11517
1565
14273
19644
11592
5526
17799
10004
27258
29590
31758
24110
20579
20086
15064
21454
30919
23487
6364
23650
23148
6894
11319
14308
28274
13684
31261
4610
16355
8193
8981
19837
6539
24834
8038
7887
17930
8297
8140
14864
5671
25772
26224
6170
8551
8464
11287
5868
29919
31015
26010
31052
9286
23959
32150
2481
29006
26142
22116
25695
32052
3283
10316
11476
14486
11951
4085
12899
1414
30027
24864
18463
16348
3563
4502
21498
8144
20924
20575
22830
10952
17242
7477
476
9838
1429
29753
27635
16902
12149
25060
15700
27135
8572
4927
17204
31175
16426
13911
8385
