15452
11374
19912
23798
15848
30481
24905
9335
19617
22902
21418
12516
27615
24677
31264
20470
2701
30444
11284
29121
13696
8032
10265
18904
17415
15774
17696
3000
12996
22166
17391
18020
8378
26891
21711
9036
8870
17300
9605
3187
24723
31719
2948
32209
12713
27478
7777
1527
10822
21658
22151
14833
20560
5840
1068
8304
27081
4545
12932
22569
6563
8038
19252
32120
16086
18092
3593
4937
18865
2932
12522
29496
31597
32734
15371
2295
17416
31431
30308
23792
12881
6032
30306
12844
10815
25377
10972
15220
21894
23086
28744
11190
620
7353
1583
9642
25817
31449
30942
20148
28078
16057
21343
2317
11352
22499
11687
6430
28325
19391
27409
14892
4822
3926
15627
26170
16373
11868
15887
21803
30825
25454
14550
30504
15047
1432
28616
28225
9451
28442
30902
19287
19784
16748
203
4665
18044
10879
3264
18701
295
3910
2384
5874
32766
16245
16364
13795
4635
5769
943
15326
1943
11784
10900
32582
5211
1290
9959
6791
21811
16632
21753
21240
11045
27540
20760
26373
24832
21049
27070
1933
20279
27236
521
137
29168
24436
30827
21743
9561
11694
26019
20950
31803
28292
18412
23770
25809
14871
28276
450
4058
16890
14607
864
19949
2361
45
29625
22285
23962
14602
5990
12413
30242
10788
6202
9429
23259
17394
19237
598
31189
29139
3416
4987
3435
30533
31914
1488
14279
11607
3899
13063
30633
13409
20055
73
23139
28146
14493
18378
3881
21258
3936
160
16263
31369
4941
6357
20787
25576
29774
13755
29957
23079
30895
20095
10052
774
8064
21761
1315
28280
16954
24803
7051
14933
31141
4321
4891
7759
18936
5728
23918
29735
23106
8009
18332
4129
15114
4631
5635
32181
50
20527
3399
29831
12834
29296
3223
6553
23074
13324
7474
24767
11782
32662
6954
8788
7953
21084
23400
14636
20500
27126
29425
15561
14038
28703
872
11218
27832
6340
12499
6848
29337
26203
9378
15067
27640
2166
16877
19813
5464
2200
28413
22293
31209
14663
6158
10183
11364
7010
20307
2673
1847
11701
11835
12633
14306
23243
23539
12933
6561
30979
23852
10355
9035
4326
4382
19211
27770
23992
32716
5330
3564
15437
23946
18528
24873
31775
26557
27156
25446
18077
32483
518
16298
4293
8659
14909
17455
19188
11845
11555
18187
17149
2708
30773
15887
27769
7363
26367
3568
863
12991
19016
21668
15573
16355
20362
13071
31301
5057
27813
23007
12978
28192
13267
23989
1613
5185
9183
5765
12355
19303
18578
3647
19162
23701
16239
17071
6588
1434
29856
16034
20114
31563
11311
20042
31701
24848
11129
21219
10721
22946
5856
31127
16972
5394
22465
22943
17781
14
7846
15788
32352
30816
21948
7301
10433
10935
6023
1265
15702
32170
32212
215
22650
11770
23791
13220
28408
23
16151
14317
17693
10982
13359
86
23569
24514
18870
16306
18791
5057
16121
7275
11506
28216
18823
13092
14554
129
32230
11422
32752
11003
12420
27352
32319
21331
25328
4475
4067
20482
4426
28020
18975
11543
29689
32739
27305
11831
2459
12340
20808
12770
32066
27019
14241
23031
15581
10086
6990
7547
21492
13694
3633
10134
24217
9966
24840
10206
10395
18582
23617
30681
19708
4802
31503
14780
27045
24071
23741
21625
15193
24430
24643
28921
13800
12245
7703
23718
27813
25233
13381
29997
24345
28504
6338
386
32249
29535
26109
7204
31830
3519
21944
4770
16660
23325
24086
24158
3229
21642
9461
6801
9942
5544
15741
7055
10579
19982
25593
2893
14791
25070
11238
12064
18622
32245
21578
15047
10382
8819
13896
21676
4234
27068
496
12135
24698
3534
15708
23684
14408
28980
14840
15494
14332
12074
29729
12331
31722
30465
4338
28402
10538
14021
28250
9947
7753
22814
31090
18798
7230
6772
16142
10750
31648
14678
27283
20783
16918
1565
9992
10678
11278
5580
5743
27232
32434
7227
21333
24918
13847
12661
12456
1183
25528
1630
11209
27622
20772
19609
17634
6014
15091
21928
12666
10403
14334
11605
7494
28419
8400
13137
27970
28541
2903
30748
14593
18472
11999
24868
28225
5527
17474
22577
21187
15707
13912
2560
22618
16842
14005
30766
30529
767
2708
25177
689
4386
9230
19073
11187
29674
23440
6324
9780
2911
23947
8682
9303
28133
8301
5678
7183
26486
30417
6654
2796
32303
4594
3829
11317
8206
2150
20391
21816
24058
13577
25293
27614
22531
567
27042
11138
16108
30014
19852
11267
3814
3602
28927
24344
26527
20291
26526
30692
9595
557
31140
28875
8225
2927
30339
9091
12858
25502
6859
10094
28277
2106
3404
27175
9679
30944
14207
13915
8977
5314
32034
7386
16282
27733
5923
29677
13662
23369
5567
24811
21039
32446
19947
8199
28732
23477
13811
32364
22487
18884
30049
14988
28283
30223
11296
16052
22285
4723
13537
27108
26466
1284
26302
23263
5890
11194
6685
29054
19243
2151
29912
31305
9241
26860
16795
14408
12165
24493
22157
16663
9324
8258
20274
24377
3089
5232
7568
28334
31813
15703
13968
26568
18150
13548
23976
3130
17062
25514
21431
27250
4365
16005
27952
11049
1474
8480
21371
23864
4870
6207
30104
13229
24449
12415
27654
27166
26945
7493
21475
17213
23040
19444
25940
21933
28837
14179
18727
6932
9230
3982
29111
30066
25357
2443
31504
7857
5552
27584
22100
13949
17350
10836
17502
25173
1182
10211
25508
13282
7186
28278
21858
18824
26820
29874
15861
23868
1960
17231
9348
13717
20675
3788
30182
11557
4402
6497
11968
17417
9837
28982
28910
28607
24269
24274
2085
7480
17228
6102
8662
6446
11917
2539
15445
21176
21788
20985
4410
11292
8950
13210
32520
19940
4684
9422
13836
12340
24452
16880
11400
20058
16001
15848
7697
14503
29988
8867
6710
30845
32530
30144
26210
31402
7864
5516
14084
29684
32653
25137
1004
29685
19863
1834
31736
6698
26161
30970
23537
8518
1547
31518
11440
13516
6258
16960
11397
17628
3026
1709
26585
19533
20345
6921
17681
15613
24221
23362
1974
1637
31905
1986
3795
27249
1684
24809
21151
5262
32251
5818
25948
9988
12496
24788
31615
12934
8906
21156
16145
19463
7135
16346
29269
13520
8
17689
9643
18640
21572
18675
1204
10035
5343
2324
32439
18742
16628
1981
20036
31545
16177
28021
9239
27669
32730
13051
31038
