16356
14279
16107
20744
2113
11612
25449
22
8389
259
26137
32605
3114
1376
32407
22874
22285
20592
30598
18549
17217
2433
21635
5417
15721
22658
5208
8036
20678
23165
25458
5937
3405
16226
21142
10388
5117
29958
26063
7861
15727
875
4011
16961
3759
32322
27814
30478
28746
12206
21223
23806
23464
24651
2602
30757
29340
24687
16382
9262
13626
14000
3120
22266
18921
6054
6535
30347
3001
2802
18097
17953
21238
24958
21374
11938
11261
24839
28236
26175
28750
18649
13763
15189
30179
5082
706
1681
18624
7114
3736
2136
8908
457
18808
13670
5599
26
29991
14005
7196
2342
22520
8352
641
22468
7162
9544
25020
21687
11888
17975
6464
30072
13185
18755
153
30775
25137
29877
17148
8476
23696
22187
6435
23762
22577
7099
21848
27718
10974
14553
30159
32172
3978
27771
12600
22212
14215
23291
12693
29787
31738
19004
29001
17172
17291
16528
28274
21864
28769
2777
10361
15084
27213
28143
7144
23762
6469
1858
12411
947
25621
8385
19833
27276
1873
31738
2116
774
22670
22658
8495
20218
18897
14743
17041
29492
16712
12036
13848
26487
6456
9541
1119
26562
23607
236
12994
2770
4507
2371
4977
8680
11826
26163
23491
17868
32052
13668
29901
13586
5493
31398
14900
26524
11999
28560
6975
31584
27680
30310
21040
24171
27808
13376
9685
23078
15030
5737
26970
25561
27163
18182
11873
22125
31391
21752
23892
31094
21274
4867
10234
31089
26790
29231
2633
13641
26123
23406
19836
1313
26491
19584
16741
24141
7808
15380
8195
30881
29234
2352
20311
22767
28589
31186
30068
25803
7874
3288
4822
25489
3821
8989
5876
4266
12423
17381
8984
8970
20029
123
28527
28157
15041
15128
1628
32548
1727
21767
18962
23994
21267
2055
30818
20252
4921
28401
8401
17545
21509
410
16622
22054
23188
2043
31459
28485
12162
18575
6729
4070
27229
30205
23361
18302
20826
8183
10176
19704
8519
11106
16170
22522
4545
5559
31779
8041
27047
1961
11426
8495
14287
31496
12358
5948
1015
30693
20718
15818
3070
11511
2436
20198
24916
26429
12057
22316
31407
11493
12343
18386
3583
32621
24178
27112
18085
2312
30273
5853
11231
14659
22796
23110
19335
5352
11654
24795
31998
15650
23101
22722
20579
29155
3696
10001
32264
4995
19744
5774
27174
26538
11881
25529
4303
9583
19219
18956
28197
3265
1637
30337
14026
3334
10809
853
29847
16131
2390
24843
23441
13820
7161
20661
27416
27676
19125
21359
12130
19991
23421
13100
14120
10765
13568
2229
4511
1458
27701
25326
26794
8108
20534
29531
2894
8252
26705
25572
31846
15649
6236
14805
22936
21689
24394
27177
11911
17514
25596
776
2122
32320
17497
3726
23838
8663
23201
4814
7255
7292
27902
21271
31389
5263
31581
13942
20052
9259
8059
30587
4188
9994
13123
320
21755
8098
12631
7592
20759
30612
1005
22757
16297
8007
13788
15933
15214
20688
14838
21005
24800
31254
15513
27918
19556
4659
13185
23767
18629
24093
8160
28067
16865
26757
14001
16725
20386
12543
25417
6073
27952
22116
22575
27661
12389
16500
8749
3008
5506
3264
29095
2681
13088
17096
3628
14171
27241
4960
10315
30600
26503
10072
32168
10723
1629
16731
847
30747
28533
14104
2631
14565
314
1440
4715
18312
22888
1295
16245
29855
4800
32623
9308
29722
2816
11993
22752
27783
17682
26333
3426
2960
15236
27941
4346
17348
14136
17748
32196
6042
32349
29748
32634
5554
28573
32273
26696
27231
23960
9312
2011
10851
16018
9893
30908
15097
1128
2707
22492
31513
12489
12148
6768
4599
31138
12491
30206
1741
4570
23608
3768
1498
27200
16029
24586
30378
32450
3199
4975
18329
991
27055
14728
4755
2143
21545
6511
32541
24385
13884
2633
1433
26101
25579
2842
30661
31435
1940
3294
29318
14252
16847
8917
7396
17672
153
3358
22613
22799
20914
20871
17982
14116
13379
22180
18103
17294
11716
13598
21647
32625
9757
13134
25231
253
20235
7946
7683
15334
6854
31167
14967
11796
1505
10944
10943
17563
14449
11230
27450
3309
17009
25657
16727
1615
30565
9558
5207
10121
11582
32369
17237
27874
25214
23060
7300
587
3996
6632
22969
24027
10154
9420
17961
24187
3125
6948
29043
17123
30829
9587
5089
3269
10117
4397
2026
9287
14941
12230
31996
20407
8287
11279
18297
21370
1959
18882
29184
20038
6246
17243
29677
9618
32648
14890
12579
5706
3220
27815
9993
15814
26324
9989
27346
12029
7607
8714
23810
26614
6259
17437
13869
15232
10478
30881
20738
803
17887
4481
21897
11606
12336
26380
10665
31730
1960
10756
19181
1767
4806
7153
30088
22318
15856
8635
15510
11775
5581
25720
30628
19523
16623
29827
10611
20044
15541
8910
17401
28612
24943
1145
28073
19427
29124
21667
11252
28133
14673
10368
5904
17852
32403
10667
31480
21762
19463
19134
2484
10289
21647
10785
730
28694
30488
5919
29781
20355
9594
27967
30821
12613
12959
14801
5351
14933
19432
24519
8151
11347
8652
11718
19731
19503
963
6781
18785
8490
29538
6966
1716
8189
29383
18602
7595
5719
4663
17946
26715
27277
262
7835
14926
909
9655
3250
22987
27925
357
24608
7768
3106
25186
30207
22654
30634
10781
30478
26316
18829
10825
20554
7199
31690
23867
6590
23328
9710
32148
24475
2829
11987
16673
395
18877
18054
15103
7235
32478
15497
10499
12631
13442
1595
12376
339
22746
2452
19818
19463
19776
21
31491
27426
26235
1535
21684
31491
16959
10692
14455
1483
5620
4027
11154
25783
23224
32279
1727
19373
31399
25882
11657
13076
25434
14214
21753
5097
8621
10069
7538
10767
27334
6825
986
12519
13907
27910
28154
20001
19986
20671
22056
7890
30359
25774
23075
6854
5450
21032
12606
16919
30639
1840
19905
18686
8170
24811
11660
13802
14978
23125
7677
9679
8549
4913
30484
10945
4140
17222
4565
30913
28065
28104
32238
21719
20094
26901
15002
31329
5496
3746
30405
27306
21628
10036
7281
23230
21305
26451
11096
13181
24286
4091
9939
22511
18213
1942
6906
9687
11408
32551
32013
25739
1010
30664
27411
5634
29490
15446
3776
24111
27468
9067
10140
29837
9112
11660
98
21500
23119
21412
21414
7371
32331
6577
25531
23830
9742
14782
18900
13138
30726
31505
16489
32550
26640
2469
27869
5244
28218
25051
27741
9433
6861
9324
10251
21225
11147
26274
13404
9311
1589
21192
16318
17916
15440
11487
21631
21996
31785
3986
29162
10329
4887
30060
16563
14907
25856
25161
26261
18029
32030
16650
15673
12550
7171
18829
28762
15590
26331
733
18215
16271
7154
13733
7400
18231
28790
25323
19685
26395
31613
4858
5507
7701
21065
4256
14001
2929
14795
25754
20354
26109
4455
9549
16155
26975
23287
28343
3280
11691
1042
5796
7050
7477
21646
28965
11372
31908
9795
14654
29878
14664
18962
29151
19177
29102
15911
21269
12076
27761
6522
6018
13038
29010
20636
15883
973
14475
14256
5072
7606
25697
26039
6753
26702
14585
23826
7727
17297
1644
7489
4416
18361
31005
497
32295
15458
17483
4918
10036
2795
23266
11029
9704
12319
10903
5189
7851
28949
3379
1590
23745
22356
25647
8787
27259
14395
4738
22149
31146
19361
18615
18680
12377
5560
22338
12577
11708
10295
31508
16896
23395
32440
22637
2466
24243
31326
6130
27115
16023
16572
23039
3730
4467
498
29758
1133
18266
27161
11641
21999
25728
16866
27564
20719
16370
633
2143
22954
6788
24752
16178
28428
8715
4953
27322
17451
13517
22771
907
4885
31030
138
5526
3275
7629
31192
8118
2701
21862
12464
4485
25688
25496
14237
23412
4270
19825
1478
17691
29077
617
19476
32205
29410
4501
9623
7024
23991
16157
10022
31627
1355
3568
4678
15009
12521
4534
12110
13758
26428
7431
4808
19023
32457
8154
21017
18486
6077
19008
27493
18974
25321
18258
25773
26636
23051
9319
26170
30775
19791
14475
21567
21018
27157
8237
11194
18375
7925
8472
9883
18814
256
2725
27432
26494
5705
26158
19104
9755
10661
3013
21278
22545
2990
28454
14529
29464
25870
14571
23050
4793
32250
32767
25477
7519
7932
14165
22188
16305
28406
9178
30728
12831
29284
28328
26777
31931
4065
10108
28280
11595
15853
19306
12475
13212
15853
9167
27289
22553
2163
4488
22991
155
20160
6241
27713
14211
13703
16080
28901
10503
11508
5604
20445
2761
2541
32120
3555
8622
17560
30892
7914
23021
29
9878
19458
9574
16301
13108
12413
5174
27843
21669
4688
23432
4777
10393
6588
16045
29503
1543
11309
3696
22776
5918
28258
12963
18981
20349
12750
29182
374
4774
20798
27690
20413
7856
16573
31256
19190
3901
21684
26775
28293
3244
1110
16678
4286
31632
11067
5382
20906
16480
3659
32404
26376
27504
10206
19670
27027
24863
32546
3412
1923
21074
3772
26665
16470
6434
32434
601
3536
19922
13704
23141
7745
10244
1193
21277
1030
44
29705
24758
32338
1348
28937
3100
16175
31426
25755
16521
21183
4807
29862
5975
3016
14489
29868
5651
6511
24403
18858
4818
10820
10459
17727
13000
16511
30997
15377
14102
7049
18774
23405
3044
23231
20508
557
19888
15730
20732
8415
14565
9266
10459
25891
14256
14156
27233
13397
527
22161
7851
14700
1067
13913
32320
2594
32487
19912
13895
10070
5817
31312
3575
23726
17593
31863
78
17280
24055
12763
7686
27891
9490
12403
19397
30561
6662
10007
12436
4864
31814
10051
26770
14786
13067
15384
20457
7801
4075
29347
31234
5951
8109
14178
10485
1813
32092
11524
22852
2762
23450
24689
13768
27935
14391
32266
2027
9768
28162
27698
30744
27125
6367
28429
12912
2674
26
14727
17343
12428
31483
3993
17070
12437
923
24008
6458
32234
27637
27118
612
467
26944
316
4138
22954
27005
18304
19895
16448
26444
2980
20951
9852
12291
17783
21933
16197
20481
8369
9128
674
6464
14641
29363
27680
30762
27784
428
30837
2734
25787
1816
9826
11666
16453
18709
32478
29707
31580
29071
26736
15755
32373
29367
18909
24026
30218
4017
16387
2920
22427
23949
27397
2018
14323
20601
5800
14083
22188
10549
16893
6061
757
22215
19009
21304
15763
8303
15617
22282
15398
11229
5505
11367
12718
13218
26975
651
77
485
18548
7926
14415
855
21499
10248
2151
1641
20725
32205
827
31420
14796
5402
24099
17624
4918
2265
3374
31266
2140
21921
24679
6408
4668
29578
1622
4479
11851
16959
6089
12719
26719
31572
4308
19180
15309
7898
23318
8937
4046
3633
19774
1320
21288
18718
17358
2229
31498
285
14111
24084
26935
30457
29349
14712
32102
22169
20853
11574
21993
1309
9220
2168
910
5418
9010
3638
13507
21889
5255
6242
7165
11735
956
31587
5466
15841
13693
15813
20357
29358
14189
30767
31706
1593
12651
29077
18890
7487
23572
19374
12673
30542
16520
21417
20935
25887
9585
19228
25892
31013
19778
15677
4680
9830
27069
13396
7081
16778
26808
25456
12910
6193
32288
6233
28812
4746
3902
2503
15919
4898
25401
21969
9819
2297
15581
17576
24275
26587
16794
9093
1850
31469
20944
19424
25464
17799
13898
10979
5471
26177
18184
23838
6543
12369
28481
12924
2966
28436
12968
11894
30044
2026
6127
22662
11711
28231
7305
28895
2682
7687
5557
23899
26955
4098
8888
25269
21589
23777
5225
32248
17859
560
28147
29239
20142
32180
25303
24191
9536
13054
30256
28682
24090
20288
7995
1205
21748
8032
5910
20916
2179
3147
13256
25221
28064
12684
29826
1058
32166
16925
8997
28795
1052
12156
12035
20003
28564
18178
9450
22602
10706
14705
26719
17131
15153
16588
4647
12102
15683
22635
6156
17553
24760
15182
8669
16619
2689
7346
12215
5777
19509
20194
30083
26964
15283
19536
4032
75
28169
22244
30083
32709
6548
8596
19387
32641
9065
14389
32186
20770
7156
6544
16113
2781
28383
14265
23035
10869
18997
21148
28894
25705
200
24793
4749
29548
27600
31442
18865
31765
4052
31745
2216
22744
2254
20112
5838
25141
394
5411
25340
1839
14927
9977
24399
18944
25281
4659
18987
29963
19206
6259
2175
7186
12328
22953
30026
15785
10170
8490
19038
6378
28351
2307
1636
2923
8135
26508
29728
2925
5211
15168
14070
4694
30107
2251
173
2914
16422
24421
21620
6805
16186
30559
31522
20468
17181
7931
3266
6900
5819
27009
13135
4659
30864
21647
2748
25446
6856
22449
16951
32658
28325
4657
25263
22400
16162
2865
24212
15467
24278
14326
20190
14587
27930
15495
336
30327
30318
6775
15358
566
29721
16895
23053
1878
28432
14672
9658
20657
18969
20006
5021
9997
30512
1441
17199
24467
7210
15953
26763
11907
27288
14479
881
4645
12014
30996
1936
27139
23269
14788
23045
3669
3869
23755
18463
31677
26631
5611
23397
26420
4610
15892
11994
20036
26820
1334
10623
22393
9724
30291
16922
5906
25397
472
12342
3067
29438
557
11883
26880
21832
28299
12767
32315
19215
12302
15117
22222
19773
19723
9157
24280
27339
24227
3700
9633
21033
1176
23206
4120
2528
19296
17097
3968
7286
14456
1844
12390
15249
28923
19048
5590
7776
11891
661
13518
7991
30191
9312
25587
23673
17750
27363
4995
24763
11002
24821
16779
5670
31600
4012
32346
2333
6560
30241
5429
15904
1304
11891
11596
7921
8870
25615
30445
17141
29477
32558
14584
5852
11415
10655
21139
10117
26996
4294
1310
5147
25154
2277
6762
27525
25958
30106
15141
30973
314
7081
2457
17406
5215
16380
21655
18276
14421
14312
30381
9167
14920
20146
13727
20808
5677
9298
13845
5159
10254
26998
22418
14643
1954
7370
3237
23820
16929
11639
867
17094
26198
9961
12820
32215
5878
18902
7213
29491
5936
13948
25471
30133
1413
3114
31149
449
14554
8705
1507
23592
29644
15612
21189
6219
25155
26414
22694
18820
5450
19531
14331
25537
28958
16234
14351
3954
16772
19977
7672
29862
26720
1106
28617
16752
23172
18077
30729
28560
24262
25653
7524
3407
17237
18271
25249
3499
32077
26264
8916
25524
26248
23327
24021
27958
3512
16563
10480
28824
19634
17054
6110
12804
6413
31218
12788
25545
17132
275
18331
30205
5656
24693
15360
2406
4434
14503
5901
2459
10215
19857
29591
12902
16772
22266
7641
1133
27724
14925
30241
27921
29992
4508
27593
9623
23134
9189
9321
3461
19558
12948
9035
1103
12537
16458
1311
1587
23658
13533
9200
4194
30009
672
14167
4192
13798
12516
17647
25261
259
28606
29960
9381
31629
6411
8096
23973
8572
17074
9615
17263
2201
17961
27137
7632
17808
24891
41
3456
10054
21512
24884
14921
15468
8269
15996
11371
22357
19941
17407
21824
1028
22672
24335
2844
9354
10996
23883
31863
10127
19169
30669
24142
3374
6873
7845
22982
11782
21712
6278
32019
30861
8752
19136
13208
6312
29984
15726
2383
15737
1798
12273
15724
29048
8266
20893
26685
14534
3422
29361
14421
27070
25851
16781
2793
29644
941
26655
25466
2178
24721
7583
1716
23272
8029
124
15511
26900
930
19606
32212
1019
10574
16813
4218
2439
9845
19993
22481
1258
31313
20924
23430
10545
28039
3382
18953
23068
18347
4439
31284
14125
32263
17114
12333
23807
16280
18000
10637
20697
602
26714
13506
19075
30150
22043
22450
20568
32408
14829
18848
22941
8149
4179
17492
27409
29965
18736
28790
25029
8669
2358
28988
24622
23225
8096
21317
4473
27368
1060
25284
14110
23504
28963
11488
13496
8564
28196
12379
3604
28731
24192
370
2952
8179
26718
25861
30854
16405
18402
9976
12400
16715
25250
12249
28078
22575
12122
7619
3839
32086
17888
25730
18188
11917
11098
14583
27203
21858
11950
19390
20194
30439
26938
5903
29522
4274
14278
17378
24247
18216
16310
27223
28613
18684
21636
12628
3541
3058
20846
4464
28728
18153
15212
16144
28619
19736
16229
32719
5835
11928
24738
28452
25323
16930
27523
30271
28068
31771
113
31539
28365
14029
19219
2906
19819
20472
14789
1269
13002
16265
18758
1044
21453
2985
14512
5814
25730
15865
14766
31792
27129
15900
28905
29651
24151
13687
23235
24265
23334
24628
26696
14656
15855
28557
26721
11979
31499
24903
4427
19972
4790
28796
15944
8055
23653
926
13717
9147
7258
15289
2715
31970
6005
2296
28777
18196
6477
26731
4194
25718
8319
12039
14643
16464
9542
1519
31241
19824
11852
31730
32256
17353
10176
20564
15326
24928
12457
23249
19969
12905
21114
13535
1686
9388
22246
2100
5132
27182
12277
9864
18888
28430
9816
20124
24859
26285
16890
17019
18033
13329
8407
4863
18123
12684
12305
17560
12655
7064
31552
12617
16861
8966
1546
19443
26118
27224
25589
10454
13497
29291
632
28501
10334
14937
22872
6393
29158
5789
30002
8633
30722
888
4179
3449
22163
30356
11728
26320
29282
29672
27348
6926
29970
27099
31284
22398
17747
6316
32329
19432
20312
2321
13566
30298
12682
22046
10792
23592
8574
20073
25622
21554
7460
12396
15977
18021
15426
1578
26406
1157
13857
25622
12810
8233
28551
3888
13854
25095
9444
20081
27019
18033
1232
27497
12206
8992
20149
9767
3439
23089
18889
8281
30671
15981
10304
948
28865
3277
10943
26518
26171
7997
6163
14826
1932
15521
23843
12109
1264
10774
26915
32366
28002
24954
6667
27323
7857
4398
19784
25146
31702
18714
26801
12980
23941
30962
28604
6681
28930
9144
30962
13856
31030
27779
6048
5934
9730
24702
3536
31353
30163
8755
23159
28525
21879
23050
30704
27727
29231
4108
24233
5664
29189
21229
8221
16324
1631
20554
11778
25699
3285
16943
8643
8464
12864
21980
6192
29096
19475
28617
30069
13565
23535
28903
9544
15412
29041
24873
11111
26988
24143
9027
6210
8609
28835
5554
13812
5583
10118
17660
376
10074
5601
4921
17434
27565
26496
30930
24875
4897
15464
17033
11257
14113
20075
28857
23039
21389
5369
7135
25944
28507
23353
602
29562
14468
31832
9071
5152
5918
14882
2960
27784
31685
25039
13790
8927
27968
13087
9964
7674
6498
15785
9414
27974
27949
10351
12338
27906
30782
6071
9013
31403
8037
9494
6361
19896
25235
7630
558
18568
14841
31578
3215
21913
20078
19014
15654
9466
4369
29508
26035
24067
30256
6781
22152
6467
22377
2341
29144
14010
16655
21842
1074
25672
11984
15374
1609
26726
31636
25002
11254
1300
2215
27734
25728
1810
24603
11503
12314
21843
22120
18968
28333
5295
28502
8588
3032
13272
2589
21427
11318
29583
6346
11635
16351
16152
26340
25672
7729
26859
13136
22679
3792
8108
8562
21055
25579
12125
17813
27506
2497
25299
20621
7619
12132
6502
7834
9599
27837
25837
11664
12097
2513
17386
15925
961
19266
19457
9451
9709
26649
22703
3471
5947
3266
4664
13984
13885
3928
24801
26532
27510
14628
8288
9927
6252
18784
10129
29126
31998
5440
30826
32267
1784
26931
11313
17434
16357
3942
28652
23083
19748
8073
9498
25112
13886
31703
31392
3706
25975
8016
4614
783
5795
8521
1251
5216
10299
4647
24214
10912
688
5480
24119
19414
2559
23779
5326
4415
19846
26960
13250
3053
27158
13322
8084
23733
21065
9748
6860
840
28950
90
7476
10400
23202
6458
11077
26782
32601
4931
16863
24305
5438
28989
10813
31545
11135
11113
18983
24684
7245
10762
17513
21369
20714
18723
32133
32044
3076
18819
22693
850
11841
21247
16595
15645
10523
27647
21100
1738
5102
2620
14546
30848
5967
8391
5218
1148
8864
20302
31910
16491
8161
5787
29387
24087
6601
13917
22613
5958
2070
6187
15889
4319
13857
27590
8011
31055
30645
22686
23874
26155
8225
26776
3801
13591
28556
4111
30863
29670
27273
30489
16561
5123
20460
26635
13263
27919
8411
1855
11628
21195
28456
14356
30969
16953
26078
21303
16133
27134
16409
4641
21166
4619
8731
21473
29531
9852
2205
7964
22189
27072
16995
1362
3762
4603
10259
19298
8284
21928
1607
31569
24114
11139
28129
17223
23366
16806
24223
17882
2663
28658
32751
16271
23959
10672
23556
9630
31168
12920
20777
8694
21154
6738
11605
4225
17168
17692
10240
25001
30044
300
11830
1563
12304
28982
13546
18379
23262
19823
1420
13368
20442
16370
14558
31729
19687
24675
21507
27480
6511
4819
15320
24742
13400
19940
29320
25391
7731
3118
21339
16360
5046
27873
16591
20262
19564
18347
30954
18344
4523
14300
974
17112
16839
25288
28814
22094
4997
32108
21568
26262
11730
21845
16212
5939
26549
24766
7460
31715
17539
6649
12747
28453
82
10768
10811
12793
16559
9899
29322
14567
15764
26420
18061
19010
30356
13626
12456
20910
18521
23571
27364
3296
30288
23494
22082
30117
31907
17192
31824
3366
15976
30020
20217
27754
25624
24064
6817
15900
32322
23038
24178
1423
16512
21953
32496
22271
26795
26641
1748
25882
9803
27552
27159
1982
5713
23533
32589
8197
9993
31081
9012
32127
30794
30937
14989
10430
3056
16891
1578
14104
23179
364
32073
2984
8281
4553
8736
10646
30322
20
1209
31640
3139
12122
26624
13497
5437
24467
15643
11866
16078
7114
26873
26486
17041
21374
2094
2346
26818
9031
9470
5236
3828
4285
5047
7483
1798
15765
26949
13967
25171
22029
16384
29747
32041
16011
16072
9560
24189
17536
5716
11436
16348
22163
26823
6547
20901
2044
20356
26292
3958
25389
29508
440
14564
20408
27238
78
17007
3949
20870
9843
21172
5826
21072
8688
8165
17529
3222
7972
16759
15484
5537
6915
18970
27148
453
5727
15854
27930
11320
3687
14580
30453
12581
24173
22979
23078
19963
28396
17532
20888
7179
21961
20991
17149
22866
19417
16223
108
13203
7076
29076
19791
18858
28008
8560
10876
22300
5217
981
11682
15858
16712
16932
26599
25288
15898
22264
8143
3873
5914
8981
25184
19965
21785
20123
12164
30382
11509
19072
17838
23015
18528
1596
20672
17686
3042
11718
45
20467
32289
960
18522
10329
13409
11246
21323
20566
26695
31213
25723
638
6882
6178
13323
12420
26860
6896
1311
20491
29772
21550
31622
27065
1760
31448
29849
7821
21114
31492
26469
6003
29224
536
4108
4886
4281
6971
27240
1526
22652
28681
16370
186
4171
395
19682
20679
2504
28006
16536
3857
17639
4946
7483
4401
27821
11982
15008
28857
4407
14611
28781
7364
17149
10054
11134
10705
29528
22769
29319
21457
15938
19124
7675
26238
349
24888
18221
32751
25656
24677
12982
24937
13773
25301
14870
17017
17230
25992
30878
23103
3105
15321
16269
4877
30505
32688
5497
7217
27975
20986
17648
19982
32032
32598
15968
5234
27681
23825
20788
21283
22721
29269
64
30907
20998
16797
30047
13238
2123
18028
22618
32202
31552
31551
3340
29047
18738
31680
7364
7646
909
5948
20203
19670
11423
26455
13543
28477
17054
16127
11582
9100
31725
1438
8703
2734
6299
21140
1630
24339
27949
23780
22430
512
2717
4909
9524
29481
10146
28637
25641
26241
12082
23969
4544
27729
6213
16416
26969
24455
27357
29928
12693
3665
5699
24744
25787
20715
31891
23713
14426
694
22394
6231
18480
4489
23103
17292
26699
5963
13568
5230
25198
12738
23871
32272
8886
3238
16285
11031
6013
20986
16100
4278
18559
29852
9291
11740
26939
2330
25846
19115
27293
8391
24765
19501
20441
23310
32302
28738
19098
8455
18389
1501
25180
16200
28347
30064
11030
20990
22060
11685
20253
14140
3261
18511
28741
31634
22158
31648
9289
29922
11469
11164
4205
32623
22139
12237
26721
4407
32371
8505
21609
6019
27304
17553
699
21180
14510
25771
26664
9344
17276
12594
29695
1013
5744
30109
15151
3165
4499
15453
24235
23019
8991
12891
12563
10453
14910
24225
24464
27307
22293
599
8704
17895
23553
13554
13907
13253
1056
4264
11060
12373
8980
807
15852
12494
4611
5766
20356
21541
28130
18044
13610
478
2804
13776
26583
27427
16781
22544
22318
8723
30748
25478
25510
15196
3688
8040
17387
11788
3610
25167
22914
26020
17532
21738
14508
14958
10624
19700
26510
17425
14340
21603
6286
14947
6996
12515
25600
22654
22001
32642
17666
30230
17809
14509
23972
19210
10342
12379
17997
4408
1955
26248
27738
30870
11069
15333
17415
8575
31470
24270
20883
4426
28800
1148
19871
21793
32584
17020
26840
18192
5361
7263
29397
10589
6011
6580
26690
3096
1154
30771
11327
12530
5572
20027
28931
24915
3806
12671
5061
27302
6230
13820
28636
13560
19422
22830
27941
10177
21975
11651
19877
20737
20501
23056
32367
655
14818
17026
28616
22958
12613
27480
14474
25826
20868
28240
2246
23554
23271
4895
12205
7821
1983
24677
14513
27713
12967
14560
25575
3050
12810
22752
32176
21625
3301
18427
22936
19541
27854
4865
29822
21238
28982
25139
502
2223
18411
16303
26859
26827
12000
8751
29577
18908
17201
4083
13913
14416
16738
28156
29358
24389
6888
20347
30785
29599
1258
22921
18968
21847
25672
3864
2732
23317
15069
6442
29514
31746
31233
24385
23226
19415
24146
1046
3871
32059
14517
6797
1822
24139
18583
9961
11842
890
2937
16444
20639
5275
9643
26146
27062
28732
18519
24239
23193
6454
14530
12454
19280
8834
23759
3564
15226
3406
28869
16956
1591
19792
19025
31259
23878
26459
19663
30223
32619
24112
29381
32268
11796
24982
4272
10543
9787
29613
13572
19887
8334
30847
18798
11536
7374
25560
22876
12441
31861
31064
8639
18953
12443
21190
19983
19590
32538
8359
1680
20950
8945
22799
13269
32721
19430
18616
7042
16918
16752
14929
14934
19454
11475
10264
32616
30414
20109
11179
19632
20529
8945
8219
24778
27877
14866
10819
3575
21428
18146
7000
25189
5286
10651
25025
9648
24693
31070
31784
20392
13377
20762
8913
23637
28037
25520
6954
8504
23114
6997
27044
2004
6554
18487
21954
20845
24632
8803
29807
18448
30094
8934
11413
211
31975
30770
27115
4958
24286
6596
29199
27306
26390
16132
4052
4873
27180
15725
2269
10599
2026
4589
4459
20431
23998
6543
12915
19249
15722
15703
22004
11874
15356
5485
28039
13924
11521
18303
26424
15336
24054
9312
25748
24081
9727
18677
26627
19067
7644
18001
27736
18044
5144
5407
6823
23977
4483
22592
4694
22940
483
12982
30583
26357
21735
13505
15189
2975
11100
9287
21325
21077
25763
9337
20960
20324
8291
180
5638
25266
2171
7845
1220
23295
30523
23473
256
24171
19923
22932
5525
15416
3851
32328
1443
3026
4661
11048
14120
15628
25184
28501
11221
32173
7631
14681
31770
6187
27050
19466
2180
12214
19954
31409
21832
32120
3514
28780
17440
29468
20373
1745
8277
26253
10827
28628
12573
11008
27088
14059
17960
15156
8310
23920
29302
22776
22625
5702
26987
17903
31035
25791
12837
31120
13866
8893
9485
30832
6143
12824
26540
12484
30641
23872
23233
33
32009
11044
11920
18055
30110
10834
4476
10910
6148
30559
11480
29503
1857
649
25595
6710
10880
22683
2450
31815
11530
29457
32571
19055
14961
21373
29519
8299
19214
28201
12542
25727
5294
10238
13986
21616
29577
27556
1613
25554
24436
6635
25764
20362
16727
22890
31217
2699
15584
2406
2419
26595
17017
23541
13049
9723
32120
23394
29359
16154
29334
24276
21303
9004
25251
12843
1531
16066
17784
29995
21954
29529
28972
30172
10114
25823
16779
2608
32117
16499
21443
11495
12399
24685
10849
25008
21359
29086
19836
9361
30068
32217
15152
26760
13714
32689
15439
26995
23876
25477
29010
21805
29956
6586
11158
4090
1817
7752
26309
6181
1201
6520
30353
19687
303
32236
15529
7307
14278
18399
31461
24016
3911
16814
5572
22671
4151
29079
23321
16797
293
5313
8449
11763
7482
19325
20760
16652
6418
23244
13293
6799
27082
10017
4275
18222
603
19560
30009
14542
31526
30534
14876
2536
22480
25507
5947
4143
24399
9318
23659
627
14917
6271
8812
13765
19341
12587
2076
13788
30484
28019
20459
15543
19179
12022
29071
19844
16026
19433
29689
30401
31926
604
9095
32673
27318
12479
30843
1201
25346
30628
16812
18363
21837
10439
26491
14058
16677
10059
23305
28464
16072
7494
1447
15845
2618
10880
19598
26033
17556
28792
31953
10923
24479
8104
13199
27074
26529
27146
5741
16221
8055
32475
28739
318
8932
29599
1558
4012
809
15973
14407
16849
4566
9548
17417
29025
19935
18246
14616
27004
9970
8732
30633
15574
2824
14771
19100
18197
29243
17549
29177
23930
23767
402
12698
29380
30643
6929
14373
12881
23234
15106
29246
22151
5605
13454
7674
15986
3
26321
12950
1710
31836
15582
28777
10632
10778
28419
11543
27232
12841
26959
12296
4178
10057
31570
13080
13333
11362
13604
23440
9506
21783
5545
16214
10777
29853
28178
19040
8289
20174
7847
6254
16143
24441
4292
5881
266
11261
4642
870
31340
21270
30040
6528
7467
20214
7074
1573
12536
7576
19424
29247
615
17233
31458
14839
3409
23464
26850
9253
9847
11367
14418
11786
26727
28402
25049
16193
26532
17368
10648
23027
29185
1192
31153
6987
23886
26630
17930
8233
10550
11261
23886
8731
30824
14999
19253
24713
9461
31915
12294
10799
29689
20215
12634
6864
11390
19822
26658
24873
5533
26835
28651
8485
8166
31367
31585
17999
15875
19104
4626
23180
12439
15418
23413
13578
18796
5138
6955
5492
27086
3409
17028
32616
16434
12453
15173
27178
2332
8598
20393
6298
22335
22040
21413
11619
9957
27740
29552
20342
16529
4844
19267
29367
12003
14071
11358
6389
19389
27881
13131
7968
10404
18239
4966
27318
22121
3994
15261
2943
20488
5650
14453
9594
3280
2764
30541
14103
32196
5583
20199
4006
31298
8467
28964
2576
24546
2267
10767
24517
27041
9797
4125
10229
575
26656
2484
22275
5605
28157
19433
21047
9995
22921
13966
27571
10905
18970
12652
23208
28492
13959
28365
969
5212
6461
14142
9728
21340
8847
8850
16224
8545
25934
25130
15964
27494
12698
116
21302
29167
4599
14770
30138
2029
7844
20989
29483
14562
6952
3209
6270
6725
4653
10282
19654
19496
25489
1303
12272
27928
30907
22511
4528
1349
4907
3577
21691
11491
26965
18096
4663
29135
1456
1663
4463
16502
7178
1737
26572
21491
18718
18220
21761
29047
28776
17415
12165
29422
11320
30265
30022
25823
1030
44
21660
15252
23813
11283
16763
25468
22778
8047
27374
12493
5967
26584
9408
29293
3171
17658
6524
11283
25381
21470
22681
15274
7393
32619
5358
28150
25434
23084
10092
18041
16664
17747
10763
32408
13315
2302
16133
32762
20017
16826
22595
24113
22781
18245
4884
5020
11865
28825
31781
1419
15461
22821
20398
5029
26432
2910
2537
13959
15645
13430
23496
29102
12442
17771
22503
7319
19790
9540
27584
18212
6817
22680
31006
15682
8417
16975
9172
28105
17554
25004
10158
14500
27653
12684
19112
26673
9004
3304
16222
23018
12716
15521
3012
6726
22324
4733
18455
30682
8717
13676
18963
20932
5107
785
4199
9545
2340
10877
614
7869
5558
25662
22527
12707
19757
27544
15855
31766
10317
7442
2613
31080
32045
24117
5318
18440
15757
12944
2179
1705
28521
8703
16488
3232
5071
21549
1286
398
28653
1368
15923
6208
27758
14420
27904
28883
32519
18899
491
26140
21068
18659
25430
19015
8137
14520
14392
22205
28750
8108
19219
21324
13962
1924
6438
14466
30683
21237
25059
20825
30565
3175
19107
8218
5986
4600
27289
2683
25784
17092
21252
4362
209
4452
26537
5583
23975
8116
7041
30253
30
18393
26031
31754
15511
13955
692
27184
8642
31344
21990
10226
1459
11570
32543
20498
26937
6449
30898
9954
9579
243
20899
15274
6019
27547
22551
14666
16112
6832
18441
10784
422
3360
21055
13100
2745
13189
3964
2674
30506
14758
13304
11424
17665
2369
5901
5617
14491
27144
25395
593
11334
25321
558
30914
32267
16530
6534
9726
4043
25909
11064
19038
3470
17800
11947
16122
28183
14097
13797
22034
25020
29600
29439
6829
9076
30237
12758
13183
24626
5251
6660
27920
10353
31533
19727
12059
8208
27985
13535
24884
24673
28362
5750
686
16509
15130
15579
31164
30682
11695
20567
24022
20255
32613
11748
16735
21302
32077
21219
16004
16035
7341
12557
19303
3349
4167
32428
6525
27963
17118
22283
1076
1241
23287
16171
21210
15131
11229
25271
20922
32041
14311
7482
1672
12539
10237
9104
1023
19055
23641
24987
8392
13977
31371
24631
5534
4442
7360
18287
18096
22836
1603
20721
15430
5468
324
16063
3752
8721
18905
10792
18748
5933
10818
16119
2286
31994
11377
14058
22996
17222
1226
10597
6162
11962
6695
872
22524
12391
20255
15295
6523
23458
28808
6008
19122
28178
27962
4762
24033
7687
15126
16660
30345
8973
3399
15348
29137
11458
16328
28377
20008
15332
7206
22955
13868
4526
23432
6793
13002
10597
2540
21507
18599
28718
11955
17290
1215
12066
24160
7204
15437
23460
6557
31077
1002
16882
7551
32410
8696
15867
2314
30279
65
30321
31736
1492
24796
19998
4790
18819
23121
32635
25520
27813
24316
5759
25038
4622
21431
15541
18494
8390
31155
2961
29557
18689
12199
22788
19312
21841
20013
12878
9024
7195
9064
30996
12741
9544
20971
22194
1978
22588
5846
31186
9969
17932
15170
21054
7904
25579
13536
16114
21085
18918
14812
25206
19110
18898
19464
4458
15268
29314
32566
3938
7537
21309
32485
3573
32535
4974
5921
8721
30363
12958
17572
9105
21050
1184
4161
11026
28402
15883
14723
8706
22596
9454
29841
6393
5433
14782
16212
22605
18083
27795
4572
24289
31397
12948
28160
17213
22901
4016
4677
10980
3937
26768
21506
19425
6160
12489
25793
11428
20235
18773
1767
5644
27003
9028
30104
27589
15669
31407
981
24276
30963
15854
14055
11888
12772
29962
24577
27412
27240
15733
31009
28626
30228
11769
18743
1514
24317
14063
5001
26267
12339
21169
22102
3897
18827
6738
23737
7040
8354
4748
10193
6696
4894
17657
29471
4025
11831
31110
22575
7073
3959
9254
21883
29572
17085
23235
15500
10451
16776
26490
19298
27808
30578
19207
29974
17841
28667
17278
7614
27859
4488
11069
19857
17264
2476
17438
8012
6244
20133
17137
28116
12045
23082
12073
1308
15521
356
27349
23113
20421
3642
30418
3860
22107
32209
18239
17520
13723
2131
15410
109
10341
22000
4777
11101
22485
1315
25028
26677
25113
26167
30769
19510
17279
4105
11751
14796
21970
12815
32279
25270
23015
18329
32095
13671
16243
4183
66
14764
7967
29212
1493
8336
6879
10209
15034
2941
6271
25101
10322
20131
2687
15348
25647
12957
15136
10909
21448
31058
19903
18632
22641
10778
27234
9263
30602
26915
18321
28685
21238
24082
1639
16605
1487
28141
5352
13668
14679
19512
2709
12529
1586
10078
13118
2788
30163
29779
15384
22381
14389
7544
14095
11670
25035
6335
26717
3716
17849
10511
4700
20985
16452
20202
13208
15390
1415
11341
27433
8320
18536
24535
30528
13912
19915
6958
511
527
16390
30879
12430
30721
22164
21508
10347
15490
9741
10987
32513
9502
11349
18420
18301
24357
27924
15739
13021
24424
12903
29559
30281
32573
17878
19618
27559
27337
13701
9947
8298
17534
31150
15048
18090
8674
3662
7871
15482
17810
21791
28903
7542
14983
21447
27802
4763
13465
8783
28430
21596
23105
7638
12085
4849
23459
13191
11489
14579
31436
22472
6956
15398
26936
32180
18967
28822
7831
8908
21361
4581
3280
17129
3835
30435
21831
18550
4553
9055
25436
19675
15595
11325
4148
15676
8013
8649
13243
14180
11996
29771
18153
13052
7402
1756
31557
19201
18900
25719
27560
15221
7138
19283
19012
26452
15726
624
12260
31433
1609
11632
28789
32162
5210
4777
6342
27138
22408
1912
31116
6997
5339
30424
25513
10633
9437
13875
31150
1148
28999
7288
15006
25520
30169
3949
10741
24134
18570
31559
14568
16170
27873
26744
21743
27019
30371
9160
16257
24974
16302
11431
4894
19779
13605
24001
6547
472
32717
980
22394
28940
2999
22206
28928
2791
13088
2267
19435
26536
4245
24717
4827
19968
15451
4124
32207
27005
30989
16321
1004
17737
4999
32253
23162
24340
31235
2607
25904
26191
20098
11622
31665
31643
30830
5492
10326
1153
31101
26180
17454
26467
2520
30061
5187
17330
16253
25606
19487
31330
17633
2749
6543
6811
25306
27683
7591
1714
25021
8522
30470
25943
1475
29842
16732
13072
10930
7872
11817
2022
17081
23120
6855
25949
15515
16653
18346
8362
5392
10206
5351
15649
5992
27875
26611
19181
4465
27584
7853
7683
32411
3129
13215
29017
28250
7936
30593
19026
10700
31946
1023
12413
23708
7080
19389
3456
17702
3733
27543
18767
12251
9035
8493
30370
16871
4700
2719
9125
22290
30077
5013
8945
30436
30757
13187
24763
9485
30295
24875
6219
4356
32187
24419
32176
26861
25844
18200
12211
21440
27950
29331
1545
22184
8694
11771
4045
10665
27471
20763
22061
16262
1538
9830
14179
1250
22069
17208
28135
6821
18495
13663
6114
4001
13243
10714
21222
23926
29915
28896
16349
11442
12288
805
832
9277
29575
27736
5514
18421
11237
16112
30699
10901
7670
29992
8512
30427
23442
25416
14147
5098
26210
7975
26623
26861
29937
238
30600
1021
3590
8478
21992
10309
28210
30677
20828
1891
27557
333
14529
10770
19525
2981
585
19462
16898
4580
19058
12056
355
18491
16185
10659
9829
15754
19338
29742
23430
13862
5884
31307
30493
9178
11707
12990
748
24363
25797
17122
25080
1504
20058
29001
2201
8898
21165
11171
31437
673
16608
9185
1233
23191
27695
18586
25075
9105
10604
7341
17826
20234
16555
12840
31431
14618
10046
19560
3416
31664
5604
28034
12841
1819
20285
21218
24838
9168
10881
9522
21760
16743
13938
24446
26372
14054
2191
12693
30386
22594
3211
25010
21867
1315
26621
29019
26540
5352
18009
2442
28827
17387
8479
29195
15328
1542
22610
6181
6582
25174
12076
26748
24898
15422
272
54
27939
11695
17088
31069
17994
22183
9168
22148
28940
17912
25691
20910
4213
24395
13044
4715
21472
25188
9951
3908
25284
30632
10882
7769
15057
26076
27158
31049
13372
21807
6818
14418
8279
17275
11562
2234
13924
3528
16931
8813
17067
13074
28971
16615
19402
13388
14583
9044
8781
13732
11149
22518
3710
17673
10931
22216
4222
27114
18599
12129
26261
25153
8464
19994
19911
12497
15925
7283
12456
24747
24173
179
14449
8695
11734
207
29778
9201
18506
3213
2826
20530
6031
13033
10934
19249
25038
18104
10982
24073
7239
13963
5366
11645
22082
7126
1692
25145
20553
17746
8893
9818
5012
16543
1157
7217
7621
10030
26806
12868
29910
12894
320
30870
14159
23269
10003
23337
31932
1906
24113
26048
6750
3729
24583
29929
8225
4046
8189
30779
8654
26653
32332
10717
8322
17785
7439
24392
10335
7628
2974
22349
30337
3343
15383
10585
15155
24242
30525
14840
19555
17982
17030
22680
23636
2873
27759
27280
2195
11338
13075
18272
21804
15773
14588
10810
26653
1673
15417
23746
6411
8816
17328
32531
10548
10471
14006
4354
14245
8471
4829
8358
17837
17507
13325
16920
24465
21580
25303
13431
15745
1937
7429
22575
28875
21146
19574
23163
29007
3862
24617
14889
7987
18148
31639
2462
3288
9775
12358
4633
9484
22750
30107
15420
385
22315
21232
25032
1405
26001
28646
27816
4308
19436
32508
26417
24340
2012
13921
25000
26367
32362
19207
20740
20030
28910
8697
19190
17747
14640
11246
17191
24528
4301
7966
11713
15558
26588
852
11056
4993
3794
17477
8490
30834
14243
15904
25836
28269
4650
30822
23239
6165
1995
764
11996
7572
23127
10623
2852
6799
10799
28887
28339
10328
10157
4879
2621
22630
29631
28003
17881
13059
29653
5275
21509
3653
7422
920
30186
20799
31309
6189
21730
30584
29314
21040
5432
26781
4326
2256
1583
30834
21879
2600
4933
8974
20549
22805
23224
22856
3100
32069
3402
29037
3171
6545
31553
4148
25156
15501
29363
7667
7438
8029
21248
7186
6615
18122
31136
28352
30309
14997
27679
28390
11087
18186
25445
22617
4447
31961
7227
26708
22075
25378
4363
16421
9284
4047
231
24614
447
6694
26573
20207
11059
7070
19498
16586
27921
13042
1436
21352
16538
15733
24828
12754
12286
15013
17820
13473
17857
3586
16333
21106
2915
4897
5285
29845
23360
14332
17151
1029
2485
4492
5570
17053
10628
7834
11111
17544
28538
11474
5813
7674
31055
5145
31951
6429
31693
15392
21617
2127
7220
8249
10871
2186
30942
17770
3999
18467
9503
22208
5007
9656
7279
23526
28954
15204
28875
15862
20415
10804
14424
3727
15986
14815
32330
17704
19360
8369
15108
26276
24173
1993
6016
19238
13632
8068
32754
30246
11649
22585
18856
13509
14497
4903
28725
30301
8795
24491
11726
4957
3130
6327
29428
30292
16988
30335
340
23371
19829
26741
11755
6488
26134
19320
3693
10864
11568
20552
5608
25981
19924
9790
25764
7856
27708
15930
20303
8729
1551
14812
24918
15477
10209
23287
24214
17991
7161
1858
2100
25898
30296
13393
10441
30565
8695
20420
11203
24000
21327
30655
17416
6038
1054
6042
26076
25900
23657
15577
6148
25665
11453
14430
24619
23270
23995
24541
20102
9360
30932
913
27828
30060
11856
27693
5096
26610
31893
29974
28233
2237
23718
5839
10137
21658
6122
30132
4373
23775
11055
18668
15517
1534
23278
11673
21269
5209
23760
14929
10763
31576
14962
26322
23706
8889
20837
7153
27534
5672
5242
32724
10440
21264
29244
21089
29157
10416
1213
28150
32282
24177
28310
16475
17250
5239
2345
20469
14044
4726
18473
8508
27758
30919
30301
4207
22959
1979
12192
29574
16388
28975
15405
6248
521
26720
12569
29534
26674
25601
31265
4551
6322
18059
12454
9486
18075
24789
25590
14810
23623
740
14029
28548
9464
3844
30236
17358
14779
17175
3336
18130
13714
11310
31286
19256
29905
30806
10822
26284
25545
6837
23453
22159
8356
30165
28520
7405
29840
63
19421
27056
26656
5964
13252
9235
30446
29752
14135
10329
9862
30584
8614
3518
1151
15949
2334
2222
20459
13978
25290
15669
20978
9459
16570
5559
10681
20726
7395
29153
3977
19422
21863
16863
21293
1365
15895
25039
6555
8842
27446
18806
7639
19332
6528
25650
30997
25270
22379
9520
13854
23251
21421
11231
13300
7907
29950
3237
7097
16535
7967
4560
28109
24793
18715
2255
27191
1704
18637
28578
22598
22563
30626
5775
29047
27107
5281
2583
29594
6286
1960
22824
7729
8361
27128
2964
7961
26798
30707
23746
12908
12639
20517
3748
31141
8281
9090
26856
19973
22764
15086
14451
4662
5930
30211
25355
18223
318
9998
25427
26711
8960
28762
16637
21229
18374
1714
22843
15527
9852
32033
2934
32153
5111
32252
7747
12633
12166
5410
28819
29537
15818
28547
19241
15028
9672
13279
26194
6341
17469
22736
30672
24468
2353
7179
23831
29466
5071
32483
13756
18919
16500
27663
554
24842
23814
27308
6807
10033
30599
646
4662
8977
31466
13715
23214
22792
3621
12992
15308
13313
27015
9712
29556
30105
5708
18754
4574
29056
19567
7059
26111
6177
25279
24645
3652
5253
1333
19518
390
372
9605
1075
9275
31198
23027
20518
15849
2170
7784
10285
25313
15021
11205
32374
9769
23213
22903
27272
10170
5350
15692
6603
21227
3229
32132
10571
24878
9171
2348
19641
29946
31340
10919
26291
24840
26768
10382
30276
28610
30802
26810
32175
16121
8847
18846
18024
982
21273
9690
9828
19219
30741
13838
10898
2410
8354
17644
19114
4174
28348
27026
2597
15066
24671
15382
10892
26375
13295
14434
21238
3873
27607
17218
20685
6012
13681
1467
21968
9315
14118
4767
22366
3153
2518
2654
29425
14948
24953
12575
31721
5390
10503
11023
5771
15630
5526
21241
1097
14494
29890
24344
1347
24302
14930
18473
29455
6098
4377
9923
30901
17335
29465
31467
3070
24540
3311
4580
3055
15039
28779
32324
10384
19669
23166
22093
30706
2429
4185
11385
23663
15415
6099
30295
8244
17937
20235
21910
27133
20323
10063
30559
28448
16828
1853
32233
1741
7708
6184
10311
660
868
702
11396
28711
30986
24295
30705
10338
21009
23280
18878
20360
15417
24040
23496
10960
20339
10570
3506
28448
12695
15837
17975
27928
8793
2009
32446
15954
890
5707
11567
22504
12603
25018
6
9783
16151
26123
8358
5603
27825
5026
28655
11804
26380
23498
28946
8223
10746
23639
22180
28671
5591
28298
26098
6821
3446
7476
9365
23829
12380
17950
1094
244
1324
27305
243
21063
10339
29618
25874
8830
21317
27832
10293
31921
20248
31297
7134
28457
10383
3961
23189
3618
14217
10013
11577
5071
20220
919
23188
16799
10539
14955
5425
26303
25632
3793
31602
12256
8790
24483
24029
9274
9142
11386
16311
29649
27332
30229
17876
31479
16923
32250
1965
7954
13847
10591
30387
26783
22225
2890
20451
32375
22096
23032
19355
26193
22269
21372
32684
11913
32344
21928
10160
25888
8170
11568
18334
3
5242
24589
23707
6800
4484
30496
4115
11350
5351
2840
8457
7452
14558
6293
30635
23077
1073
24461
5930
20659
2733
20976
25032
29130
29137
21895
25395
9014
11722
23842
5393
16848
2722
7410
20956
6396
21940
24116
27120
29558
15203
13839
3810
10575
11531
9152
2324
20274
25400
23028
27526
27372
20502
14197
14831
20779
5673
13065
13581
4230
22334
16024
16697
3518
28578
25996
6974
13636
29073
10877
20331
26107
29937
26638
9959
31038
3905
14610
32581
3109
1996
11252
16472
28164
7202
17749
25673
22581
26824
5622
17894
21272
18991
26585
10557
27735
18915
18083
12906
8815
27653
26437
16045
10604
28923
13019
21440
27891
24422
30932
6503
29574
27220
3156
4424
1796
1976
20694
253
18031
19223
31254
17000
1266
22659
814
28230
6691
973
8447
5383
1925
28663
13266
31198
5969
17128
31807
1044
22646
16739
5967
23201
7134
26426
1501
24061
22259
20415
17218
29748
3938
636
12081
23353
13342
30756
20191
30076
1961
27593
10599
17598
32655
19534
17262
1828
15667
25120
32258
10891
973
32033
23752
2588
20404
16101
30551
10784
29401
21793
6623
26133
23188
14432
22798
17665
25252
17144
7476
26630
22897
13373
26789
18231
6547
29684
23903
12458
23704
10763
17900
15822
11010
32391
9610
13055
3472
5565
5002
32088
25535
7365
26102
17097
911
31276
28534
14441
1674
30441
21620
13069
26627
29586
15231
9753
22684
32208
23789
1174
27403
23057
13765
14469
32285
21884
25052
9331
2042
29738
24893
25422
9900
20371
19662
14967
6619
14662
15921
29208
2522
30174
28393
1976
16360
9265
21182
28429
13231
9418
12642
21777
4625
5530
852
6488
8484
13802
5637
29088
9595
18068
15162
27562
11432
14963
1969
16712
24830
19224
25863
12984
19100
17854
31449
23344
8615
9344
13098
13242
5590
18378
24068
14402
12084
25614
14434
25325
11297
30648
23118
29101
154
23907
20551
10771
23227
20045
25573
3940
20610
26888
22464
16110
6870
4211
6797
26268
456
14057
13706
2505
24088
27064
31261
2130
21499
12501
12983
7151
11035
5838
23295
16323
26592
27903
9005
13873
2542
8201
17075
8434
5103
12416
24099
24420
16530
9188
1101
10021
2259
467
1703
2785
24446
12668
12531
25448
17902
19287
9243
20228
7707
13076
22624
15113
24020
3537
2739
11181
1864
26767
6499
13850
2763
8935
5113
24770
30167
29177
609
24051
4945
4006
10058
21675
24846
27135
16846
11181
32406
26364
4694
2772
31016
4210
9912
1704
6398
15423
12707
10799
5073
1223
28989
21254
18592
9637
26890
5039
26798
4250
29456
4141
12746
20169
27705
2254
7634
551
32760
1865
11130
6957
22319
25096
9290
5840
11857
2503
998
22706
5828
21854
25746
30106
26505
16347
5365
546
8478
19668
15133
14767
18595
1788
10436
4518
32317
19699
17618
3293
21176
24675
11811
25424
8304
27464
31625
21014
27505
28559
15637
10131
3293
21731
8850
24558
11662
2244
27475
26053
21501
25817
815
19232
2402
20359
28873
3748
23069
19138
30997
16650
13653
25891
7191
7887
28639
16699
20206
29228
28257
10024
5906
20808
15031
21605
27354
3245
2197
32231
31553
25080
28014
14437
19177
18133
20373
15095
13920
24619
20643
12258
20899
31124
14104
1970
16096
4368
6981
650
25216
19194
23401
25529
6245
25147
6938
909
20080
26813
20966
13164
10311
27683
11579
10272
4181
21175
18820
24179
23058
1187
1685
11772
22916
13669
31561
32312
5126
24957
19561
20957
28232
21608
27344
7274
31639
19154
31949
5635
21086
1288
30409
380
2541
23980
10026
6324
17786
14508
14711
4900
28773
24180
29884
31415
4033
5987
14640
17116
19727
7036
277
21978
7756
10847
26848
3173
12079
24439
666
17262
28588
5748
30854
1087
27580
29692
17156
29382
20576
26269
30133
30257
16867
13319
26592
20412
26464
26232
15380
5063
20357
11895
2831
14636
4758
3269
13791
13007
21941
22673
9031
18295
4960
30187
27748
7132
19771
20603
15504
8961
2832
28275
26759
26819
19220
12226
201
27314
18284
3467
25407
29473
13551
28117
4128
10873
24366
24452
17942
21203
17841
21128
10653
25029
7812
8276
31660
27771
25075
30865
9112
6666
17297
1556
4149
4098
15487
24590
13374
3394
2794
7043
8695
10001
19158
4350
2576
23658
3098
10882
8653
29590
2476
19907
13412
22017
26143
13974
25511
24134
4458
21927
23522
19596
15339
1898
32519
21781
31404
14164
19208
32020
228
17226
32645
14783
4801
13146
18087
1446
5476
6569
25932
24643
24622
11948
13924
27602
13114
32155
30106
7523
30506
13603
7480
13101
10791
28764
23364
25893
7715
3066
25071
975
27745
23495
5937
31060
16952
21585
26541
24790
27412
31967
16602
10240
15293
15786
30308
28385
17116
24138
5840
6650
25275
18543
29536
19093
14412
25297
24374
12633
29549
6250
27067
28444
1130
24546
6210
30712
17091
22347
25321
11425
28976
18446
30912
7669
17123
10021
3886
11989
17933
25995
16528
2100
22435
9457
15906
4973
1122
9395
22819
28378
31505
31498
10036
4258
29702
28291
17922
3026
12779
944
548
11184
32706
4893
25927
22860
20519
31621
28552
32599
25045
17478
33
24632
3436
17427
12616
4701
8306
8169
11092
5839
27031
13892
13090
15882
23101
19090
30647
20235
24887
1256
25382
9386
25297
6644
29364
13610
29201
12083
23099
14351
12093
20323
30412
24111
28573
828
21656
20492
4738
25179
19473
26209
10120
12415
31308
20731
18967
23287
6314
8138
22064
27227
30647
25144
23142
15483
8530
20665
27434
6805
26127
13476
15180
32715
23001
577
7615
9171
988
22819
21661
7665
17826
24248
20842
13346
15739
10014
19101
10906
10275
8248
19036
10097
1439
13058
6792
32410
1384
3873
12793
31252
32203
21695
1803
29284
29328
4245
27481
19266
28378
15945
21704
10387
13902
17659
14280
28567
4471
8731
22230
26724
14697
13949
11077
5011
9893
27055
19263
2105
18237
6026
28935
28185
24633
31751
1920
26647
7736
4436
24563
752
6491
5159
29965
31785
20574
8787
24359
30021
24328
10137
24011
26427
29638
3264
6771
27175
18579
23783
2195
9536
8986
21787
1754
31498
8223
4645
9653
17869
19995
20645
14102
14405
23334
29541
2931
13979
23066
17383
17
15252
25334
8512
17026
7689
4736
4393
28013
19095
11567
26452
25229
17815
26951
30460
1532
2384
9286
704
16050
5228
1919
24241
24648
15529
24581
30890
25090
6609
11722
15072
1805
7404
11784
31929
23557
10164
25824
30178
11707
14409
27202
26524
23860
32038
32268
28758
13557
25940
10102
15745
9085
221
25517
4000
32532
17796
10174
17566
14019
2995
14774
23653
5284
22453
9479
11180
30044
17189
20014
12560
6373
6823
27027
16487
28817
982
22961
30801
3659
16253
14454
13839
6432
23561
4077
31641
27391
27710
1562
31722
15293
5674
38
16799
32092
3671
188
9152
19853
21317
17842
31966
8307
15639
26860
22622
2218
13709
2173
2580
16520
11314
14864
25620
22691
6871
19847
32452
12179
11839
8929
18230
5881
26396
5985
18357
18880
18234
19948
24222
6050
24315
22196
22386
27118
20227
31251
6696
1417
4660
10937
25800
11827
9181
25354
17205
3852
22062
29122
14666
3159
27888
31195
21289
25213
20595
10672
4048
13909
27847
28002
23022
31394
4398
8315
756
20190
25554
721
29806
15158
15796
29870
2964
28117
741
15917
21276
23909
19192
26087
3923
29907
28087
23247
20588
11347
18453
30043
32536
13221
19812
5093
5975
4502
14536
22096
1421
23753
29420
15598
23000
29111
32755
11937
17825
18933
2482
10817
6001
22710
23068
10046
10502
4240
23037
27015
29607
30339
26604
19626
16052
26167
7034
19004
7297
27525
18608
16251
10596
21817
22457
13874
16653
25878
17627
13533
7702
16667
23724
23054
6107
2565
2178
18191
29324
15125
16171
7625
30081
14099
28126
5604
15309
9875
28018
27952
29461
2935
22478
14148
31907
11701
20897
20581
9398
17755
7251
30633
25628
1488
1083
21595
24579
28252
32530
27298
7181
1002
3751
17246
4770
22541
15317
19283
10122
322
15794
11657
10427
26741
8458
11506
20847
4038
1036
16718
890
13964
14914
31564
10971
32410
27847
29682
32657
30402
2740
19262
6576
11928
7643
31246
2995
14200
22456
31549
30484
14027
27300
4111
20250
28037
844
9167
15859
22770
30306
4790
24578
20659
30354
22543
18810
17924
26296
26521
2604
2112
7248
13869
9117
12966
9773
13728
9564
10077
27503
18411
25490
15286
13999
28041
31707
31154
380
13089
7252
6852
5131
8805
16630
8151
19754
14906
23330
10899
9846
12825
6012
31708
18638
3253
13821
15260
17671
15838
10308
28099
17633
26533
27181
14476
18490
29377
18597
24577
17026
1585
2749
6849
11375
8739
12541
9217
24050
25109
16122
11985
17513
10810
17194
7840
18710
17439
4344
10499
31696
11918
24852
17586
22008
9395
19469
2515
10671
8317
21281
26492
4422
23623
27476
21107
29430
6072
16063
20792
27858
9191
6187
2373
15609
31427
11486
12692
31248
26035
14517
3682
12272
30585
8307
23091
13467
23900
3673
16406
18805
19334
15607
19242
23729
2219
25665
28513
32521
23787
31973
3972
25010
26618
19932
9335
28815
8830
30783
27071
23717
3768
30045
13121
10959
23655
15114
20556
6834
1001
31290
8154
31220
7332
11214
14867
14249
29348
24493
21267
19470
8069
535
15085
18554
10900
2870
7920
9105
29745
19702
28713
5563
28792
21271
4904
6613
29984
2433
15623
26150
7842
7383
8617
29076
4254
18766
22336
22807
5499
3008
4882
14703
24911
26876
9084
20754
31742
16225
19255
32361
5797
22187
25050
28219
20537
8716
23968
3690
11627
26751
10860
6365
18383
18265
29194
19133
30782
17184
14776
7140
121
23201
30949
2706
30734
20541
3384
20322
128
7556
12244
3453
1186
17669
20443
21262
1860
30307
30256
32246
17681
14508
5762
22720
11704
3815
29062
983
30794
19180
27779
32502
22243
633
532
26337
3469
23169
12330
15187
28769
7367
1872
16695
3312
19372
16179
21786
737
10309
29793
16865
20443
24241
29521
28599
4773
19626
13476
32586
2443
5721
28330
9527
20484
32111
24616
22978
8083
11889
14424
12491
6123
30803
16434
28158
21078
8777
10474
10569
17495
21466
9146
6035
13710
17206
9953
19371
19677
7625
1004
894
30921
24336
13108
21902
14115
2476
30888
21151
32743
30389
17868
28595
22372
12112
32002
19513
19357
1156
31241
10370
24816
22857
963
8308
12789
21218
2875
32386
18089
25453
23526
15068
26316
25273
8489
31458
27527
10583
25884
9439
21586
25076
27790
23540
8981
1254
5193
30802
17293
12804
5014
20396
498
23739
18436
25069
21719
32350
28262
15910
32337
17086
27931
13258
18523
25339
5010
9245
24697
8857
29452
2026
5788
8918
13476
32116
838
59
4237
29360
22766
28274
19100
16305
25766
18007
22534
17764
507
14929
4714
25725
1565
9443
7186
24753
26176
9598
22902
1062
7489
32666
9217
5928
5261
28677
6680
29
5183
27770
12377
8123
32392
373
26656
15736
23124
16966
20304
6210
28970
32612
11600
28529
1108
14085
339
6138
23873
29675
13789
29157
15655
3713
11651
20993
28652
1062
3314
13270
1607
22729
26162
18395
31523
14006
10540
12777
18500
16559
32106
3056
11820
19007
26911
233
13120
27211
26983
5131
7719
7146
24527
26690
28531
24951
31000
7133
7811
7652
28984
3206
7591
6224
22690
6008
27014
24028
16071
10732
10173
30139
26077
13780
6345
7049
25567
24268
24871
29662
21717
29518
28089
28450
597
1573
30572
20131
9290
15396
27160
32740
7924
8727
12968
16953
25136
7930
14458
19088
19962
22121
1545
22930
16432
3928
25801
30699
12184
29444
28754
19685
30757
14377
25793
17212
15478
3702
11355
28718
160
24126
28788
28881
25133
12400
12688
12713
4453
21193
10951
21626
28620
3144
1134
10331
30699
30179
6643
26636
21075
19320
22281
12937
15328
18694
28677
29151
8507
26653
31112
9279
5026
4499
9055
15185
31468
6009
6823
1482
10439
2893
22325
22337
12613
17521
22581
25151
11415
10972
5136
30869
17944
6672
8084
9714
15501
28748
20559
22708
14250
7682
24123
3327
5849
18827
18593
11788
7480
23322
567
8644
7904
1263
10379
12942
4973
7117
19109
19301
12731
21421
744
14893
30957
13492
26682
27719
19124
23651
6757
22883
31438
24334
28092
4245
30668
23951
31233
7084
28953
9019
4230
11455
7736
24597
23955
18952
2893
21314
14600
27637
3807
31165
27203
16765
19676
5452
25412
3761
27357
8115
14095
22931
22956
32295
20306
22826
22532
2309
9544
23254
4759
15300
477
4578
1365
8489
2323
1368
492
20409
5284
4121
32651
2676
8681
10028
6124
22976
22266
23127
21905
12452
25367
17132
14158
29238
15943
21734
3335
27479
3134
17972
4539
5277
9860
85
26305
12433
4564
20517
21586
6683
25283
18423
29512
22330
21922
2019
9253
17400
7588
24674
30551
27038
12100
792
27323
22052
2529
13808
8287
2027
17579
15470
29324
16815
25283
27457
2308
23223
12958
6680
21384
24398
15531
26551
3485
5495
1333
1098
12176
14813
9610
30201
28856
2313
93
3004
16123
26839
5481
29297
20371
17963
14423
8236
11538
31456
12002
2510
26276
20481
31289
22233
17557
28732
20388
1922
9747
24211
1131
16648
27700
17749
28916
13381
5691
12621
3883
21123
29463
3385
22566
17552
3116
29054
9482
22549
11606
7193
5928
22307
11819
9433
19308
32271
24705
16843
23800
896
18481
12278
31500
26310
26
5193
5673
30829
28776
26834
26742
20754
14870
18993
23906
10870
31665
14667
7307
20177
21343
9539
15327
4713
16929
20902
23808
2914
21589
27877
14829
31704
13183
27401
25824
8747
1352
30882
16242
25498
15303
6656
27909
1300
15104
19110
17507
26186
30634
12540
1187
29449
29494
14916
20813
16071
14604
13007
14782
32380
16664
11889
20429
21683
23429
21810
4526
9184
2504
26694
11031
23284
26849
4928
20898
28719
4317
23938
16499
32309
3488
20472
5914
14181
21729
8966
8122
9062
23926
2238
16491
23298
15314
26455
7134
13880
26572
6106
9536
8332
4002
32031
11104
1954
7229
1784
7955
6155
19126
30124
6360
15455
32538
29095
25016
4748
13418
19311
880
19309
11750
30682
9170
10399
19851
7295
12137
3216
13275
16490
5980
20696
3292
29972
9876
22221
11875
2962
12833
1617
27538
10764
10458
12015
16800
21873
17988
32551
16856
17257
27830
1541
23781
2187
27322
29433
29516
30417
12213
2018
20282
16456
13259
29036
27520
12812
5885
31132
11228
7028
15252
18601
27258
13706
24515
10254
32442
7870
31368
31709
8500
16091
24531
26198
20730
10041
28650
18872
7708
17205
22028
7255
32114
27870
6740
17135
2453
14833
2785
25912
21807
5384
16436
28858
12917
30478
16601
15843
5105
21750
2122
2903
27269
5548
29968
17287
9389
9292
25131
16517
13060
29331
28596
535
13834
32659
16065
2570
14628
13994
9353
21192
7908
15028
6345
5165
8843
29056
25446
19095
4812
25473
19795
13372
10707
17350
22709
14529
9862
13356
17477
28424
2827
6611
24054
13641
9354
5582
26841
3940
16436
30239
6717
16245
12676
13026
29210
19625
3524
19400
29360
27729
16596
6599
31595
309
24359
26896
19210
9515
22798
28482
27904
28904
29497
29149
5658
30229
10362
12537
13411
8102
22733
27192
13893
27751
27030
2041
19696
14295
15145
20686
11776
1338
6031
11057
6233
234
32392
18802
8278
11246
29388
20980
1828
26061
11414
22425
8552
18596
21859
13947
4392
2935
12535
10461
22248
24261
22434
10337
32275
30559
26049
28539
26781
15226
17543
12069
32231
17922
28670
19668
16611
13361
24136
15531
4472
29025
27691
19439
7464
29982
29389
28604
17136
10112
27323
27638
28271
24503
16432
26241
11851
12520
15509
15029
2513
31032
10564
8460
23003
26406
3985
32542
10487
26909
14859
29648
24261
15177
23295
29640
15009
1963
31806
2596
24962
19560
7200
4459
802
31847
7113
30915
23136
3610
25259
26981
3298
27804
23372
24655
11774
32509
11594
4152
26843
14810
22684
8137
5587
28464
5658
6154
16156
20593
8512
5915
22696
22232
20271
6948
12105
1530
5876
31118
21273
15519
28429
22132
281
1999
9257
12372
20504
11312
3376
21515
9431
22927
16515
19712
12650
15548
11909
9631
993
25499
17754
3081
26664
10104
495
12041
8492
4507
4666
26443
15679
28188
27843
200
2494
249
355
14469
27121
4454
26443
17021
5426
16228
11337
27611
82
22421
10567
11629
30264
6479
21
16982
9163
8943
9832
5891
6931
30832
8738
9312
4506
22588
23251
2891
24089
21057
9344
1097
31056
21832
26532
30583
1590
9858
2677
20676
9554
30564
32616
25694
5993
3509
7415
30570
29529
12774
8866
16632
29509
22433
3892
30518
7410
13476
11335
15587
18801
14800
29450
775
20479
8829
11842
13026
22569
3601
32143
13346
5940
22481
7665
9049
31931
8439
7050
19629
4762
16644
20646
16082
5131
4183
22008
2613
15
16639
18470
122
11024
14798
1673
2089
5060
10158
20270
22692
32596
14648
23584
12893
8382
14467
26089
26437
20344
30522
12118
18312
4438
16626
32379
18039
31661
18362
9975
27589
12217
16115
2425
25847
30268
6242
11395
19222
15976
6019
21102
28839
1023
12064
12463
19421
24761
23843
11352
20748
19686
30889
16354
20833
21332
9815
28201
12753
15475
26353
26296
3663
29879
29736
16199
7490
12862
24500
26242
26422
7603
10403
13324
9937
626
15089
14788
25865
18924
3416
14919
9621
17997
20841
26806
14241
4189
27100
21945
32454
31908
6949
11715
18489
27602
10824
11416
67
31326
24045
27149
23537
21356
5559
25615
19212
10996
27602
27111
17995
8993
5323
19644
19912
8439
29093
31066
11185
21561
2089
24370
20288
30346
21885
18593
21485
1490
12024
2165
2274
32227
9525
8365
3247
21853
7526
18048
20799
16846
5355
26529
7178
1822
17188
5314
22157
22059
3459
30039
17143
32432
485
10396
26918
30827
19234
14297
20433
1919
21474
32228
22023
23
2995
10216
16600
27980
601
13158
20818
8009
19813
3449
30383
25772
27658
14174
28876
29488
7467
5171
30429
17289
23480
17407
13920
25744
30011
12275
15951
2464
28334
11248
10906
22592
11152
20809
9172
14594
2872
30409
1836
12203
28776
27128
19104
32403
26405
19866
29037
6479
23750
16761
9418
10894
7756
14180
17621
12609
4337
6520
1486
30975
22788
9630
28035
29095
25331
8789
17675
10823
682
20658
21175
29500
7451
16292
28742
27547
4126
25725
20824
32208
19580
7342
3622
3973
22086
31954
18031
26822
8044
4335
28854
5730
28810
29176
10666
19348
21509
21654
6118
1762
14167
29991
14298
32326
13991
1288
9225
5772
18077
32015
11638
27131
12404
31068
22616
8759
5201
594
4373
10598
26067
26336
11630
30354
5867
3077
3575
31054
25838
21907
29643
26781
31720
3123
24189
30991
25652
25769
1618
15917
28233
3161
18093
15127
4311
24330
3274
26220
27923
10731
7855
9578
27982
8147
20064
599
12749
25293
27987
8735
16341
18132
5155
15678
9989
12763
4744
8160
4329
15633
7047
30023
28363
31586
486
25198
14796
2369
6371
13292
31028
18853
3366
8986
775
29777
18931
30328
10969
22873
16036
333
21218
32226
6231
18062
4949
30249
17380
17153
27630
8391
19474
8866
13258
10035
26634
25926
15228
26504
19979
13950
21853
11144
7776
31934
14371
20705
31375
25535
28598
18096
7380
26145
20543
1092
973
6741
8065
23844
1655
18106
26732
22099
25689
262
11503
24786
9727
23784
27151
7527
25002
28140
8758
3485
14406
8350
25037
22028
7836
12018
29196
30170
18121
13283
11793
6018
15855
8795
11824
24276
4650
9043
15755
22590
5318
7995
19938
27977
3247
30364
23980
614
27944
11772
1126
8683
25792
4354
6443
22617
22658
4314
10117
9696
8045
25051
9859
10533
4644
7271
9739
26434
17126
25875
26226
21774
29119
24584
3658
1440
4352
29610
29307
8718
28142
7799
9366
3706
20919
25649
15205
24656
11946
5695
2503
2505
11686
31569
14266
24244
12243
6723
29114
22133
6289
11332
8778
12110
29614
31287
27088
22237
19420
10585
18597
15334
17762
15140
12141
27987
20753
17524
27044
10873
2938
8169
5754
18589
7262
8076
9185
4535
10854
437
32740
117
14100
11564
29754
32131
30458
30862
24603
522
31274
242
17490
17271
14573
21453
21908
19581
22712
28691
2320
10077
15707
25247
20295
32101
14972
469
28958
20406
31044
3206
17201
11595
26200
12307
9067
2615
15371
14806
29908
7214
31954
30653
3497
24647
29176
3128
19378
11776
658
14678
17104
31619
30390
26411
14806
14120
31464
26996
27033
23098
30677
18558
12875
6398
4676
4419
15108
21489
26441
28886
12194
11858
22715
7938
4307
28128
32233
23598
19056
2021
3209
1668
1037
32627
19953
2643
24526
30958
29834
12721
7036
9930
25985
5988
18391
29590
19135
16643
2606
3386
284
9304
7214
13693
14031
7177
32248
31690
20009
3959
3702
17459
22660
20967
32238
16310
15734
31968
20183
14783
25162
18899
22764
24303
26032
12034
640
24860
17331
17306
9233
7321
30188
12066
18975
8887
25589
10265
18750
19851
14369
17883
22635
16626
27754
10693
9628
31955
9131
17305
6299
25764
8976
13604
14355
24624
32714
6430
25835
31127
21767
12625
24532
7318
5665
16382
19742
23304
20757
4220
10960
23213
30008
29474
27895
20523
29221
12391
13374
11090
17146
14152
21183
22692
14788
2794
4889
15381
7991
13185
30147
18703
31395
13936
22688
23481
5667
22962
15571
14201
4888
13944
7892
20152
8917
24339
5315
14309
14236
7189
9981
29628
16842
1203
5870
26824
19790
30318
2086
14374
4959
12275
16302
20365
21615
4927
28060
23691
3674
21254
13541
1297
25316
3926
25971
2354
16994
9592
7287
12840
11959
14103
16129
12952
10882
11427
718
23575
10390
14072
31072
19948
4011
5179
20820
279
9811
7173
16881
21907
31535
22212
21757
1241
7522
9310
724
7589
14662
13847
21691
27900
27998
24500
369
30830
27532
992
14343
28057
14980
8144
3314
10990
11137
14883
15711
17848
22583
14604
15558
12633
15624
25522
16578
27607
17274
4823
16160
21400
20713
21688
4661
2666
11641
2101
14197
2503
22351
13106
23618
19542
5633
6205
11522
12468
25162
20337
6772
31093
30211
26266
2372
3686
6222
19610
8157
25365
31253
3083
9854
9876
14003
6437
11664
8313
19696
14050
28215
24361
9267
14177
6439
6999
29171
7048
1977
29895
4975
21998
829
27736
12191
13560
5778
16193
13674
14402
7669
1947
2585
21824
2327
17952
31756
28453
882
14642
19883
1539
30428
9503
27808
24884
7261
29091
10564
14586
3902
16558
598
9058
5730
25192
22771
18542
6106
19058
8386
8562
27315
27247
24688
18367
31506
5572
5724
5759
29828
21147
21907
9184
26255
15406
12030
21877
6029
23106
15066
5081
31162
4593
22121
24981
30347
5037
27111
22851
1089
27266
19136
22260
14783
4251
3584
20688
21656
11528
24331
8956
25965
24255
11918
21185
5750
14560
19893
3306
16478
21565
18847
25453
16724
6681
6927
3662
19039
11312
32356
13249
5873
3576
1995
31631
17088
29479
18355
29114
12753
22389
4993
31844
16085
17315
18053
26861
9145
25532
3885
21596
20601
21147
7289
29440
9269
16045
16303
31575
15494
19448
22096
14382
20242
22364
4170
1546
16734
32537
26223
16327
29412
5266
21798
24191
28006
23377
12129
20653
28545
14666
7631
19602
1413
15460
7762
8664
9348
6453
6067
20086
31657
1805
21909
23251
28619
7479
167
16686
30018
5499
26398
25661
15354
6119
10595
22804
25030
29648
7944
2121
7926
27155
2049
27222
8491
27808
24081
25406
2154
30522
23170
372
14960
25976
1049
9208
69
27152
22857
19395
8724
2900
27303
7269
30010
18685
31134
20461
4253
20264
28516
8713
6975
23198
16428
30318
26899
12888
3742
15994
23055
23107
9092
25112
12162
25408
3526
12261
19368
31855
32408
6289
3963
10669
13810
14727
19149
17243
4928
31440
29332
9058
7772
17460
4485
9075
7353
3491
9956
20628
1761
20180
26522
30680
29217
4652
5512
28781
17026
12001
24859
18140
14588
28255
2336
11661
12775
8427
11482
22154
10162
25990
1106
6788
19927
10516
29423
4379
22542
8381
10310
32346
16834
17300
17203
14721
10689
1910
11049
28936
5687
25909
5062
28640
13533
26614
24235
18428
27502
19416
20362
1552
19547
28631
18048
21145
17343
7919
29862
9245
4245
29828
16099
26292
24105
24577
17156
15559
4556
3008
13070
15640
8396
11050
31442
20994
675
29727
25539
7683
4975
18328
11013
2423
31394
19850
15814
23974
27131
2062
4049
4353
18613
8640
16480
10409
7934
31588
306
21297
21930
15568
29662
8357
7721
27910
29031
31691
5814
21920
28688
18600
32466
13681
31602
19526
4081
1641
29387
16821
20083
23225
409
16464
26325
5432
1640
22337
27433
261
23528
584
1219
3182
14402
23480
28214
11025
5804
12226
18815
9025
24380
21749
9855
19116
16633
28166
19887
30266
29240
30925
8975
8504
19238
20113
13663
4021
28321
31109
19858
28716
30028
914
4736
16484
20194
8791
5339
31125
19914
25711
22372
18380
4332
17394
10078
20624
16324
16958
22851
19654
19636
28919
15799
31186
12703
3148
25274
9727
23219
2684
29985
23585
13190
17561
22087
29305
2661
7309
14848
216
15849
17498
24782
519
26826
2726
16984
9319
32760
20598
15383
3541
5864
3130
6227
5840
15916
32266
334
16606
12359
31023
13503
27691
16575
26341
2945
4212
16756
26207
10637
32035
21039
11788
27174
25788
20094
4633
23635
14199
19904
21559
25490
4399
27004
8350
20683
15994
15863
23633
1923
7450
22789
10404
850
23444
2847
16380
20887
23582
20150
4055
21354
16062
14791
13324
23506
22193
11696
14163
32312
3850
14658
15623
8476
667
24855
30763
10503
19224
16933
5036
20417
19322
17044
28645
31683
31138
17613
22888
11247
27455
4308
7420
19327
10737
26583
7394
572
4783
30215
19293
21744
17510
5798
11889
10781
25058
7777
20714
1775
10994
8161
17568
6256
12487
24221
6650
23803
10654
25586
28849
499
10143
27253
1494
18868
14084
5000
25367
3530
10109
6955
4926
12642
1235
32277
32762
6141
716
17924
23778
29804
24656
28753
17335
1016
1481
8903
26089
2529
25296
8885
30557
7946
20229
16962
13934
10738
29246
14337
13618
4838
30693
5317
18430
2165
4507
19383
15660
26661
3361
165
16923
8036
377
4253
6520
6337
22344
2235
1724
2396
12415
32575
4854
12955
29498
738
3787
27679
31721
5227
30139
2551
15021
24189
5798
29459
16389
8115
9614
31739
31913
31471
6814
22977
14518
8686
619
16691
1548
3616
9083
1622
12788
15287
7428
20496
31239
6910
25333
13349
2123
11245
15162
20325
31390
30714
8252
11811
31064
24113
11432
6376
8492
25991
29810
6505
17487
2412
28441
19383
18140
13471
22316
20406
6776
24134
8973
28368
7474
32062
31477
18922
24492
17840
20536
9111
5760
25829
31179
6796
15069
12123
31235
26709
7793
29976
20895
30790
30348
28734
1033
27315
8834
480
12505
22628
12625
12564
26267
27203
27267
8265
4818
6488
24150
27867
13117
10999
16667
11493
11352
15672
5596
32599
26918
30632
27713
25160
10286
13374
13748
17293
6595
13457
30148
32650
13193
14151
20935
16968
23861
465
17348
32456
23188
12886
29840
28823
5839
28140
310
23459
13549
16142
12188
32333
2457
14411
22116
27071
25126
12091
31761
13440
15568
9143
29035
15173
22085
10057
27428
25611
12388
22754
24251
5986
30276
18635
9889
25612
24952
22750
12699
198
1169
27894
16743
8294
7909
32676
31906
19494
23951
28452
22505
14400
11703
5775
6719
18107
1044
1873
174
11396
15790
30430
17713
27840
32233
13473
3282
7777
11711
15413
272
12279
77
14296
6275
7625
8337
1821
21187
20005
27762
7649
27525
2036
24832
20351
18695
14225
7166
23112
10671
30172
5790
18221
21743
1418
32139
29119
21355
15039
18988
19546
29278
222
296
13468
5689
29344
14885
27676
8334
14435
21718
2393
27949
8389
32564
29937
10893
10098
28939
18196
4461
24122
185
6455
16314
27751
30002
8205
15028
6221
14664
8627
23629
3874
21546
7211
12241
24336
19242
12299
460
22409
20675
9078
10025
17371
25818
4428
16279
13316
19012
6302
30513
18375
30089
8293
2909
12287
22759
883
5876
23092
12698
14505
27044
31340
14939
19307
28307
26435
26407
14417
26181
31806
3649
543
30656
30301
8826
4856
23790
32495
25264
15822
11842
22698
8853
29725
4510
25339
4273
985
20597
26523
7595
29093
6445
26211
26820
17221
28615
21345
21924
20054
4545
31531
12121
24380
20795
371
31901
19549
11098
11740
26967
18829
7658
31500
26981
4040
71
7171
30873
11559
25469
27563
7169
4365
15790
31408
2156
10401
25780
12177
4649
8066
7176
11512
18962
6326
14818
29255
27594
29667
10146
27251
322
29377
16751
23829
24450
21199
22814
30142
24742
12101
24661
21899
32550
16202
32240
25338
13915
17512
4771
19452
19519
15677
28897
28236
26741
12403
19453
6654
7305
9202
8848
25179
16760
5203
10266
28908
20083
152
29164
3797
3296
24091
27461
22629
19874
2245
21691
20202
922
896
21212
15562
26477
7407
20502
8143
2184
19548
13780
3523
28514
23282
16618
18237
13569
11564
30003
27834
13248
16525
29816
2543
13647
12690
15508
27486
16891
24037
4310
29224
30000
30419
4775
23074
31548
6144
19821
9770
7253
13913
14767
9916
30942
31563
31609
20160
23270
24626
24578
19110
16626
7701
24204
3509
1532
17808
8332
18848
19131
4881
21771
1115
1061
21320
21324
16428
21299
27608
20655
27141
2532
23635
11733
529
388
19301
7941
12941
9774
29775
13262
18649
23440
2199
494
17615
7918
23038
30579
29267
2665
24755
6176
16683
7554
29126
10770
20242
28378
14815
5540
22535
11067
20528
31887
235
1500
30120
19542
12363
32225
21610
20449
27003
7458
21373
1127
24036
5165
21189
13714
10398
22414
25394
9438
26690
8782
20279
16451
11001
441
1918
11283
24793
20068
18394
9253
18546
13935
2173
30771
2467
15624
3947
10113
29363
21296
13870
24511
2972
28098
14283
25393
29610
15537
6902
6669
15685
26513
3202
21285
15371
29529
15899
30661
31011
13671
7479
14047
16845
30660
30282
27493
1085
12970
22585
16887
28329
32579
19474
25022
1185
10164
13562
7320
7839
30810
27751
27253
2015
13907
28303
13313
11888
24385
11040
12419
6540
5706
20017
23300
6693
25188
5496
17077
27072
8655
1470
14987
11142
22242
5265
11308
920
12811
6713
4622
14500
32018
8173
23773
5046
19357
24134
18462
29264
5369
32755
25107
16060
6935
31919
19166
17057
17109
8304
28392
2005
16767
4833
16516
15218
17302
29459
13520
18220
28880
23407
2012
5345
29023
25072
3087
12402
22646
26767
2246
15314
6154
20990
27709
26972
25046
28312
21683
28778
6561
13721
13513
12323
15555
7818
5932
29844
25318
12032
17779
4611
15370
4230
22091
19071
12236
17112
26321
12732
487
15954
831
798
8187
6823
715
7700
31885
3542
23244
7335
6991
22362
11551
14419
12962
27553
5577
28949
1626
29632
31709
10949
24513
30053
27041
13478
18142
14093
12268
28476
24823
13431
22738
1117
6228
14168
11651
25995
28998
26704
21361
1153
12392
27677
17585
31244
13861
24847
10148
3868
13178
20667
18902
23579
7165
27124
16934
29309
31007
5879
32296
17561
686
17382
16071
16311
8350
27000
18479
19562
14856
12270
18666
10528
30067
15945
15432
21239
20051
2490
19461
28882
9167
14682
29990
29869
9415
29211
29732
26413
15638
7934
15436
4475
26644
2439
32358
31059
3167
22127
661
25432
17628
15000
22910
20395
15096
31814
10412
9403
30260
5259
5683
31839
17632
1283
6036
18210
8742
13762
10209
14813
15691
28555
10530
14732
1586
17986
29942
14682
25378
1956
24702
16126
29640
566
14198
330
1408
14459
29349
21761
7376
21610
11640
23530
14389
28447
7914
10786
12323
209
6566
21942
22599
3332
22384
9329
17935
24320
5057
19443
24684
27265
14769
30723
7383
9392
10522
2855
3474
26962
22267
19825
9520
16448
19738
32155
21335
5911
19694
30807
24261
17200
6587
27104
8337
24531
11775
15829
1203
23719
24589
16711
29639
20589
14840
11025
2574
25582
2226
32359
16310
26930
26229
31666
26203
29427
17506
5019
8141
81
14185
4198
12820
4296
3176
27010
23729
13406
26519
30046
4903
27681
29475
28030
16570
28368
24857
30925
31095
9689
17542
12341
15476
30339
1501
20845
11097
11117
30360
5138
23327
4663
18466
21754
8728
8575
27125
3013
1840
15119
4863
16052
13938
24148
31307
26815
7886
24339
733
1505
7449
29783
24286
14775
22613
13230
28153
17481
13107
19604
23300
14632
30422
6192
15587
11449
6874
20798
16041
19408
20117
2125
4865
4480
10140
10282
14029
3890
6537
7836
18188
31477
6908
32081
28161
30741
7136
10009
11154
19951
12528
23890
31982
259
6265
16803
10098
587
31841
8174
10958
26828
5480
5247
7779
26986
5038
25226
32240
256
28790
3796
10606
1200
3369
4784
7224
3192
17310
15149
8047
27654
19352
2190
31645
11726
6544
8698
28056
17497
6837
12661
25258
26080
29234
15375
16366
17945
7087
19035
14589
8785
5914
29987
31178
21435
423
10842
10187
23560
16405
15954
32346
8247
7732
7472
2650
17839
1956
12444
18717
25995
15839
19901
11909
2613
12153
16228
22122
11062
21671
16519
25916
6988
13567
31474
23530
7357
31358
24121
25346
4076
13775
25329
20761
28714
14282
3615
28781
4814
9276
18673
18377
23688
8678
24748
27305
24818
19400
17126
5279
8296
18335
18933
5109
22554
9644
11687
18324
6239
28087
27700
13348
5453
32084
16240
29813
25990
7013
29253
2334
9044
25824
10849
19300
