9209
30418
31276
1885
14656
31140
20221
341
12632
29085
3981
27248
2274
30889
32428
2193
841
17753
13874
5499
7506
9002
20025
6454
3572
16394
1161
17333
18793
29464
30804
2485
14981
24748
20004
2280
9799
8087
20497
30547
28078
17324
24119
8692
8653
29055
17255
16041
7714
24428
16925
5453
7460
26587
28082
17444
31515
4291
9171
9081
6964
11373
14898
3205
8917
30587
13435
1939
32558
22568
5770
9570
26897
8913
9947
1995
23299
1973
13634
23971
11667
3577
14812
21987
19946
16367
24645
19974
17060
27799
21259
16307
29406
8806
23395
12700
25488
18247
10523
12198
24350
29152
22224
3658
15145
26646
32353
32059
12459
26323
29091
11593
31299
5894
27479
3461
11469
21484
19545
25510
32310
9871
14618
17323
28302
6796
11087
10946
1887
20504
19435
16745
9534
28485
10571
2259
32671
24706
7601
30605
25326
28257
31220
18785
20699
13470
18550
1659
31477
92
15445
1482
19322
1457
8422
28329
28781
3685
23903
32191
7402
1527
24787
4387
29879
1761
2660
16324
22043
19741
25012
9
30195
12776
13212
8628
514
5318
26401
7948
15753
21958
7843
2363
19479
17671
31064
5109
7843
11131
2297
1114
14040
20715
20411
1822
13488
9020
23169
12775
25156
25328
19280
13302
12771
30960
26627
31242
25185
22920
320
18817
15793
6323
17834
5825
9654
5017
21848
6870
25431
21334
10631
27740
27602
3325
9355
8096
4178
25308
24076
12802
19395
19202
32622
17566
8933
16127
17553
27179
19103
6379
29883
3106
2199
16810
26578
11043
511
5229
27599
32406
27826
7036
7791
14222
22143
2612
3883
27378
30404
6219
15723
26334
15935
8796
18167
30535
6434
13215
23214
24030
5989
23799
17274
311
28512
32051
8067
5931
3737
24205
6051
20091
11483
19831
11035
15285
5512
3224
25476
3420
6959
18961
1288
19267
26977
31236
3793
9530
10433
14935
8130
5356
10587
9141
4965
22280
1847
11222
27429
32671
32045
32001
22462
11726
23034
26319
30449
8860
19348
19505
6524
16165
29883
12980
9545
11769
209
22276
26598
15295
10731
27311
27957
8990
25896
24364
11877
20445
10562
25116
11552
23880
866
28367
20230
21462
28217
6410
3419
27146
8012
29960
19708
19607
16015
16574
29336
12743
15414
12900
1820
15389
14536
4144
111
28730
13173
30053
608
16893
29353
26764
11229
31982
23265
9985
17509
3037
10174
18866
23999
25542
15191
10020
15853
5624
30676
5815
9564
19830
22329
31018
17757
15262
13695
10849
31449
14344
233
16486
8511
6065
17557
15279
4546
32601
16722
3231
8898
13609
2225
4686
15239
13721
20063
30349
20533
3985
25521
2853
23036
19406
4481
3168
8080
25480
17465
27851
25049
2642
15917
3641
16619
20289
17454
3083
27960
22864
30811
31407
30980
17155
22331
16487
24090
22859
2825
27468
3006
16810
2383
10386
4322
19351
11959
16653
13981
28964
19741
16116
7896
19166
24552
8422
15179
31477
23195
15914
12456
21405
17831
16443
31253
15539
7556
21892
24800
7332
10239
360
7278
18571
13270
11653
11893
16281
30338
24634
20331
13754
31828
15462
32575
12661
24259
11891
3654
16660
13573
27284
12920
2822
29404
8266
31964
15745
10675
1837
17217
8556
24553
10473
21039
21627
29293
3207
31517
28316
13451
9966
21220
5778
16901
13481
13428
18911
14182
24810
23494
23528
17555
24015
11538
28756
19875
20965
31809
29877
3568
16107
26789
23914
29038
17880
8424
10692
6204
27679
9026
29543
14457
17969
19951
3315
21081
11075
21473
29668
27256
22098
27058
6583
15982
6245
16092
18511
10147
19
5932
9622
8293
6724
6260
6759
7991
12348
8321
8364
15468
9941
14156
15555
22005
25355
29044
9767
9592
22462
22252
25420
31906
8372
8689
23754
7101
20190
27200
11198
22149
18908
4229
10093
31543
27330
32278
30251
12268
13341
3297
9596
14885
19249
11172
3448
25767
5765
4700
884
30601
9634
6911
8158
30347
17943
4717
7017
6569
27072
5540
1898
13296
16968
20276
25986
31889
13805
10484
25214
28212
4483
17906
14459
12430
7100
22704
31822
16438
28070
10637
23075
18612
13429
24961
1379
25819
16515
27917
24540
14682
1429
2930
7196
7565
28768
24098
24349
18073
13644
3188
9512
10423
31863
20379
28147
720
3837
31449
29709
18507
26999
21488
29563
23843
22465
20442
17316
22588
32257
1977
18538
16375
29412
31249
32410
29956
20267
27701
10118
16247
22119
32767
22512
12830
7424
20932
28202
22546
20348
12935
13180
24717
32510
21101
11462
15611
5901
28529
24166
25940
24727
23641
1884
13992
13878
29673
6060
8188
19889
19542
26116
4436
15046
16126
26783
24849
3879
6229
30057
7037
15298
1059
19812
28837
5957
2541
30538
13415
11746
11696
11636
9419
15952
2262
25338
27287
2066
28514
9244
2077
20219
30062
21985
10840
14322
26839
6397
4151
25331
4919
21496
31801
26198
22547
10381
25658
3924
854
22609
21389
3015
23550
23701
13130
24881
20246
13708
27881
21760
18148
13489
6928
10768
611
18019
15530
22386
244
32466
7737
7276
22096
28191
28013
5568
31425
32703
10997
14385
27538
26913
28309
21572
12227
27536
12665
1860
5378
27994
4809
15752
14551
11826
19069
10745
12831
6867
15987
22222
28347
998
28094
13210
6537
15398
9794
17545
7315
25026
14462
22246
4999
22274
7592
24289
17000
11822
17407
25232
25730
3244
30045
5683
26531
18792
3083
3516
26504
19065
27098
10127
32150
26113
25967
5254
14539
19028
8671
8504
20979
12637
1148
9339
28703
25406
15598
14119
4435
19511
4997
6429
27519
10697
29133
26504
22960
4891
22883
2147
10632
24732
15624
28476
23788
14058
28660
7991
13308
14579
8044
3669
4936
9562
2711
19958
6720
25372
27790
7325
32237
16755
19634
17652
31711
28410
10562
28176
31079
27666
12333
16629
8966
31877
31268
1885
8228
23658
31732
10165
12037
15433
8723
8809
15610
18559
19064
29793
20180
16355
4272
716
19870
23977
8239
29724
2956
6791
228
6737
5422
2327
4624
21115
8937
20861
10071
32122
16040
4169
31768
30217
29135
7327
28922
10235
3953
31125
18375
11459
28354
30428
20862
4410
10703
17571
17059
10397
13420
32440
8666
4309
24430
29424
1204
19452
7195
9930
3785
4892
5087
24655
26375
17978
26689
13884
5961
7571
12052
27491
2603
37
32498
6479
6941
9073
8166
28199
27831
22656
13417
468
31053
10788
28304
1638
4546
12416
9603
22452
16033
15818
24369
11843
14185
18512
8770
31082
25641
13753
9293
9395
7501
27534
10316
19587
7608
18681
8525
9726
23315
28108
28010
7717
14436
29380
15610
29761
18146
30480
31241
21381
2312
9997
17414
12271
27624
8276
21436
27247
27330
22262
23428
75
4309
24582
14264
18882
19829
17752
874
3056
20062
18057
25942
25073
21576
11071
10518
16713
13755
2738
30869
7555
1061
11372
18886
28441
1834
26189
21654
8596
571
7121
9503
11508
30826
17046
7710
24146
25212
4120
32679
5060
2880
13503
17943
28545
1568
18461
30027
17990
29686
19056
9231
19704
2593
24431
23513
18826
4055
9795
8376
19233
17852
21203
13703
11638
27572
27716
28774
27516
22774
21696
13163
1348
23139
32375
23956
32029
19221
29156
18432
12287
6970
2386
9055
3370
14627
1438
18856
28938
4248
24638
22538
10078
5231
32386
9508
22681
1629
10778
26488
26248
28939
29401
8221
31798
2156
23993
7605
21773
25679
1310
11167
32573
18736
3679
16750
7522
29524
6274
18073
27489
6165
2119
15987
2706
4474
21865
28766
22821
26634
15648
24636
22718
12002
32234
11047
26723
26118
139
7266
21912
22261
4690
3727
2248
8064
5279
27938
20711
24283
17826
27157
4694
14581
1637
15326
23815
9221
16909
30622
11745
13413
23133
23451
24422
23204
15739
7664
3475
18391
2295
4995
28935
27695
24073
17208
30056
17361
19226
14692
3843
26081
28294
12165
5042
2528
13985
23600
6915
30521
25336
32586
10646
4886
10969
32379
11207
120
11541
9696
909
1671
3332
24832
11682
12583
24778
2
16869
24523
21721
23837
21244
13966
10423
30287
28989
9600
26882
20306
21711
31293
2737
12236
29452
12229
19356
4550
810
28807
31807
21599
13851
32447
5818
1729
9649
30466
18205
24405
16134
8471
18659
13107
11291
17161
15804
477
191
10874
24976
26924
11955
24634
16320
5514
1291
14873
19887
610
16087
16121
3713
7893
25859
4391
9250
10927
1916
21227
29066
24473
4500
14685
12864
14992
15784
16763
11037
31125
27648
15225
22611
8614
24822
8280
15534
8430
11867
26042
13849
24889
19478
17397
31587
24234
9230
8806
10051
5808
5451
7688
29850
25398
12888
24132
4089
5658
16107
11275
8803
26849
12487
32547
31060
5289
14306
30142
28673
9822
4547
27217
32226
25393
11311
7075
3694
20806
23300
6949
1574
14509
9573
30081
6356
12436
28183
18805
21781
3259
31531
16610
2325
16168
8414
8224
25754
539
5053
24469
31812
24132
9741
902
4627
24884
29801
9772
18217
6162
17837
26635
6865
8847
8723
14975
23233
29211
26012
14488
26780
2394
20914
551
30907
20433
25099
19737
11821
19942
26832
8452
14332
25863
13823
28928
21426
22569
19982
1976
22812
14452
29649
31169
13134
2620
2461
4650
27367
13876
3502
27988
9623
6878
13766
13827
16094
21062
28183
14518
24086
32752
16227
16692
11699
15119
24674
30312
6090
26871
30308
10350
11216
7125
18743
17646
4517
18846
28235
26025
11728
28485
12052
11601
23309
29745
11952
26270
23813
25070
4810
6558
28764
17443
13246
2893
7152
17604
6141
23397
10080
22664
16052
13431
23244
3998
32168
16955
27612
24220
30308
25125
15364
29624
26263
16952
19462
27706
22456
25119
2232
32305
29163
10874
21767
27237
30248
3702
30012
19086
9114
27552
16254
4035
3141
7163
13720
17717
7404
28239
27645
27421
23602
30917
25097
32243
9471
31153
12170
32225
24613
15023
11135
2679
324
10737
28704
26272
19179
7639
24606
30933
7679
30400
4395
7056
22625
4897
16317
20996
1739
18900
12303
13579
28155
24242
8297
11360
12052
9571
12450
18446
2881
18037
25315
20008
2715
23212
6573
20667
2637
20633
14110
24577
30197
20590
16752
11479
12366
4625
12482
12145
28429
22895
18971
9805
3592
3347
11180
357
7581
6903
28245
3497
12370
8090
107
29868
11193
850
7609
25758
8343
484
2244
29818
28228
20562
26964
6272
13653
21748
29743
15078
23929
9674
16424
19659
12961
16657
27736
25452
23908
13332
31660
13722
15009
9285
2464
3436
22118
28300
15433
561
3600
20703
6041
3752
7604
21011
5599
22388
7358
23538
10637
13770
11736
15245
3134
23149
26126
31700
32503
7388
12079
20067
24493
19145
10614
30367
14344
3022
20585
27394
10599
11612
26370
8371
23076
27380
28429
13658
18457
1689
12241
27442
9315
17797
4082
11104
7269
9499
18070
643
13328
23581
10183
19340
5474
31775
4121
31952
31021
18235
13196
19291
3354
3591
21427
6279
31469
10692
8470
24014
29963
26328
19414
2781
27705
29567
1935
2537
21158
9917
1666
24134
4140
13207
12276
4406
3027
7298
5585
24831
28311
31516
28053
26176
875
28698
4204
9092
22653
20353
18072
13080
1468
23834
25108
1818
15512
11551
27767
28627
1288
32059
27674
23623
19410
6578
1149
2313
9735
8923
30183
4436
28108
18135
16461
5720
7264
17277
28021
28882
1371
17556
18012
8415
22324
29253
30676
28690
1286
17359
27249
31172
32148
27261
20902
3499
21386
26838
13868
8367
15110
10771
32675
16376
86
11734
16764
14924
23556
7192
20246
29592
18447
21859
23335
5836
14972
21314
9822
6636
26893
27895
327
18532
31313
21611
9582
18333
18397
24427
10695
18893
5592
28944
5709
25363
25533
6015
23274
13507
14940
12755
11671
25343
6946
12888
5060
2183
29851
20730
6906
7377
16437
16893
1215
93
11591
17646
27066
9027
32081
8153
6167
31246
30086
23228
12589
13516
2439
20284
19038
27750
9074
24727
5439
14894
11547
28634
21241
28087
16025
24660
5872
21737
5637
16458
7330
19028
15486
27116
13521
32197
31856
12424
3556
11031
3350
28158
23435
13132
5950
1140
8610
19421
30541
10314
9816
14413
24706
1616
20368
16900
17791
6711
28551
25179
10757
18758
17591
21236
16895
5454
12540
30796
450
31712
27638
23187
915
21949
13486
8379
26217
19086
18044
16847
2549
11478
5416
24710
19424
21028
5199
1304
10836
15245
3592
10576
28605
8793
19656
19170
19409
15613
7299
30720
32206
20554
26388
2600
29698
24803
28639
832
1169
6388
29365
16612
9075
13857
10744
31231
14780
5053
32767
15000
544
9533
28603
20975
3766
29932
22683
26313
23548
31456
18862
9736
5404
24620
2056
16254
28013
599
21606
9475
13117
19213
13333
16325
32718
12309
16655
4064
10398
28547
17768
27183
21995
23599
9704
18529
25207
20069
24570
24399
26761
3294
7876
28556
8244
16879
11160
1086
29403
20737
15755
5165
26613
8257
27747
14618
20238
10905
19127
29010
19214
28126
27473
8067
8894
2379
21975
15565
31368
8238
11947
28956
23423
21729
5647
1462
11167
28668
653
26128
31573
1993
6806
8934
19522
15352
20841
11146
13628
22932
19254
12669
1941
31542
19587
27196
22944
31097
14544
9052
6770
16301
25718
23769
4838
22736
15829
23980
30692
18618
4526
30363
29154
1431
28366
26453
15786
9626
27885
6590
19038
5360
23253
10120
30906
26611
6087
24067
24474
7585
7194
13366
14780
26188
29989
26414
24774
17042
14431
12438
31115
3728
12741
19336
13706
19795
20860
15267
19895
18575
7352
2654
6783
22676
9692
28315
27910
26749
20451
4736
3507
2731
24830
27522
1006
12658
10366
22722
2856
24593
15349
31645
22812
26600
3992
32382
6485
1509
28136
15863
16881
29760
4754
2065
9636
17512
27795
26080
26368
5437
19359
9050
12531
31103
31940
2409
22673
8838
6731
32318
19475
9012
4831
32745
29472
24361
11249
11558
25676
31285
858
20602
5087
23571
21570
8575
24535
7252
833
12412
7472
27289
13765
12345
2658
18181
30900
4626
19244
7922
14930
10313
20880
8675
7012
17057
22559
25274
23446
31016
20854
6444
25882
6484
28937
6001
15250
26961
12575
18496
21040
13722
31262
18682
3355
23751
20233
29734
29205
19877
9031
28701
19548
11148
15782
5638
18381
3309
19615
17669
18255
2091
4060
30128
31343
684
15095
8643
30280
30255
30085
21524
21926
8288
7251
29897
9323
20649
10223
9672
6705
18508
23658
17263
26672
24751
9821
23942
7778
27638
18730
15473
27622
983
17028
18090
16035
15018
1842
23151
1581
25280
32015
28600
7660
24566
22102
5740
8827
14218
12828
9428
13902
21037
9758
10832
31128
9305
5565
31305
14699
12516
31303
25446
6689
6614
120
26371
16636
13176
8001
1247
16649
19885
3015
28436
20298
10117
11951
14925
531
16656
32409
24115
8117
32624
25578
6696
16474
22322
2511
4664
18224
28895
16511
14412
30410
31693
21696
21921
9411
9019
172
18553
20644
22941
22965
18961
8711
28213
24551
20690
4605
8419
4717
25291
17326
10302
11607
27743
20543
24035
29850
28475
2553
1294
12376
7564
31399
24423
15970
13678
8511
1054
23804
12455
12997
11577
4832
7317
25197
28461
22661
11877
29952
3756
26272
26502
9088
26815
19948
24157
4367
8468
15398
32571
22541
2713
4700
22924
29313
32330
12392
19793
442
5190
6584
11472
14646
29481
22352
9865
28866
10646
15121
2925
8675
17939
26683
17739
21621
8474
17713
4491
16018
3436
14972
21534
7093
25257
25363
5813
32543
5662
4569
2097
9594
21982
20584
4187
2493
23060
15117
19414
16719
24727
24083
1106
25455
1727
30789
30977
32723
30072
18094
2895
26767
5012
15779
9166
21305
12902
21252
25455
5451
26764
15806
29944
32712
3852
20116
4786
7715
5283
17952
5218
23644
7001
19476
6523
22636
5209
27590
9106
25315
19968
14828
13586
29392
10292
1955
18481
4321
25335
18103
12835
32203
15163
798
18061
6124
18936
5573
20284
17455
22909
29840
11287
24113
9476
17308
12114
29602
13960
3015
2533
20205
22235
14962
23613
5403
17395
20101
16177
31476
8580
22196
22839
21864
22485
9473
21464
2350
21708
23426
17761
7595
25418
13925
25308
30485
3263
14129
3646
31704
14581
5454
5346
10553
48
6088
12854
23353
25465
15440
10933
19388
24375
20356
4885
3306
3071
23152
6081
726
16813
2388
22665
8285
28852
28583
11416
27474
9650
19805
25255
3032
27464
14694
20849
27406
32296
21879
19559
9458
1903
28428
20644
20863
20790
12718
32291
26905
10595
20081
12592
18475
26309
15554
20508
5647
17505
30815
8501
4910
1798
24743
15605
4712
8488
7444
28794
8630
18667
11014
9270
9741
13437
30914
6888
28294
28841
12730
7371
701
1449
8207
25357
12406
24124
18260
22402
7303
9465
7317
31898
23282
3043
32663
4497
21073
12861
22882
18149
28279
7328
1021
5901
26196
29514
24441
5992
6425
31417
14384
21876
18077
31353
25167
5184
9983
1594
11922
32292
9614
23845
7247
7855
17125
21360
27830
14561
25178
31280
31575
19866
1690
31087
32741
26195
16781
20607
7481
30732
23424
28813
24985
29317
30082
25977
7227
20401
11022
230
11269
14184
30443
15245
11159
2908
24401
16598
7819
28494
11597
22697
1019
8578
13158
9089
29252
14192
26497
23747
8202
4796
21506
5967
32381
8808
9268
10324
18650
17481
20459
13416
11572
23223
10856
4824
29300
27273
22652
31548
16287
21825
29169
12623
26711
899
21029
8958
25253
5068
23544
11455
18933
24928
13544
30756
4962
30596
15227
10416
22324
17646
15582
19177
21415
9082
11723
14766
3311
2078
27311
28107
11896
28448
17165
27595
4466
22662
21533
17422
3213
26831
30394
22811
28929
480
17531
24630
22738
26689
30751
20534
10834
18569
11566
12945
29927
12567
17117
2745
2830
21507
26162
18347
32160
9556
1898
29636
23637
10612
16024
5847
24454
2017
25486
32382
24375
13860
23808
24749
15188
20231
27367
3213
6459
27139
28708
7559
6779
1784
32614
25758
28891
25121
12109
31747
29599
17478
31184
14563
6662
9011
10972
28548
32535
9834
8765
15760
21149
25621
27842
20145
23409
27198
30876
20317
28407
26690
26888
500
491
3203
19758
10760
13918
27230
15944
16891
2811
31837
10502
11984
3983
5805
17969
26171
17097
24018
1680
15098
32062
5529
30216
17256
3503
23630
23046
3664
27279
9776
3874
6655
7360
3362
27132
16797
18334
18595
8042
5309
29246
25088
30678
19762
30199
30920
20961
22308
13858
11137
14412
8036
1311
30873
3865
7165
23193
11168
7149
17164
16138
10932
28089
25553
4225
14396
26521
5637
1187
31961
29437
13166
3055
28057
7430
4018
31303
25198
9011
25193
6316
28895
13116
6005
1098
24318
25150
31126
32436
17050
7961
27449
4976
8373
9238
8593
14006
8504
11214
5609
16757
10982
27975
8505
28311
31631
9055
30199
15750
4230
9070
27695
24047
29525
18215
21462
2246
16046
11711
16732
27274
28581
6226
2176
714
22301
25986
22888
7400
16256
28769
13297
17949
6836
22161
9540
25789
19530
27049
938
21692
25592
20443
7329
11634
23625
6100
2351
5275
12691
17380
7286
17058
25898
4191
8329
7199
16595
31043
21886
1182
28283
17178
26308
20130
14377
2850
19127
27881
1074
8876
16498
18674
25004
14786
24548
25277
14628
7436
28711
7634
30100
2805
30732
24452
14735
25609
15611
25207
29887
15009
9210
25440
28049
1475
10507
2828
4911
31556
24763
14756
11183
21807
14328
5935
12937
1643
26147
3416
31567
8855
17766
3697
27800
32057
1352
19897
26430
17432
27518
19674
11721
6374
5892
25270
24618
28194
31085
8035
24493
11069
31352
12660
12073
23548
31203
12411
9081
28445
9092
28876
30768
18493
18837
17539
7305
10489
14672
19912
19613
13652
15804
18001
19161
5976
17606
24617
19886
1537
23187
9136
30090
13142
28437
28388
24328
26073
6620
31198
9572
16673
20527
1183
26929
454
16732
4621
12110
12413
19788
21561
11286
4228
18778
11747
20183
19777
1893
27968
8581
11046
21284
9211
20656
16343
22970
16505
28596
30095
12171
19553
19760
24000
26701
29788
27577
5881
30050
15641
29391
18957
15973
2453
11279
626
10243
22169
24747
26087
32012
20356
11032
3929
28105
8266
4358
4360
6545
10429
31125
25062
22167
29963
21446
14911
11270
8072
303
9119
12880
32686
22772
16369
19906
19042
22258
3044
30557
1913
19261
8339
2017
123
7629
14436
14634
3239
31348
31536
20927
24119
30995
21925
11945
13541
5646
24553
8065
6573
3837
6016
18637
2005
30629
28784
141
10027
6950
419
22800
31630
32117
20620
19980
11695
4365
14
18414
20761
29922
26265
26991
19311
20119
20374
23400
16629
5360
27653
2791
10834
24202
13924
3458
30613
2250
19923
8171
25717
19219
3191
29381
25053
2620
23836
14774
14504
65
5150
12478
18857
3128
20361
3015
3822
16007
8831
1149
16965
30037
4058
31327
19712
7486
6163
22806
25846
27211
24163
14598
31434
7457
10535
28196
23920
10360
16777
30983
14060
19151
30301
3649
18013
28766
17993
10223
31547
29005
29993
21903
21981
35
4273
15890
12606
23681
10324
2098
23040
7696
15461
7430
5809
11192
10365
30932
1358
13075
3356
32294
29189
13345
31891
32544
2879
30013
28449
28944
5854
29519
16988
32327
3267
8772
18386
27176
14996
4539
9969
31614
21692
18945
5668
24851
6323
30016
12095
17534
25727
10483
25373
32572
26491
25501
20615
9730
20567
4795
600
24146
7264
13559
22751
12877
27649
27806
8837
22216
138
5716
10160
6049
18225
14343
11751
24147
5463
23585
13878
1737
31244
11522
31444
30320
18644
25773
28675
10640
16811
25793
19512
10972
31304
2732
23420
10568
27807
5147
8722
8218
20137
10164
4698
17732
5991
22024
23029
12785
21797
9923
2602
31070
14588
1574
8072
8683
31642
9912
11469
13426
32582
11064
11527
21975
21278
11477
16633
7904
31651
29090
23488
9799
9336
26436
8887
28942
8039
13805
1175
15635
21669
32655
19427
23012
2135
8009
12419
980
6484
32038
11438
30031
7469
18950
6414
8810
32107
14300
21535
21182
31255
538
30937
3447
13696
23146
26766
2984
11576
3487
11285
9442
17504
29931
28712
27140
17189
1874
8459
25172
28555
8030
26990
7887
9066
18709
6293
6078
949
11304
13238
2186
15618
26221
13987
15825
26951
27279
18344
2489
738
14085
25271
21125
2269
31040
16322
28518
14447
28969
30825
18323
32710
10442
12501
26523
3587
21579
18404
250
9351
28193
21126
2027
3437
25474
26215
25470
23383
25884
30670
25578
22126
12294
20165
29476
15012
25335
22394
13233
11069
13238
20965
440
32653
6353
9387
2651
19715
15250
22338
27975
21094
17967
30550
7306
10335
25153
28012
28326
23352
31607
1222
5859
20963
6796
10886
30697
9790
27766
10262
1165
21141
18913
23750
8940
22632
21211
15031
17846
17519
29393
2809
12237
13276
24762
15600
5647
16096
28562
17660
4975
27760
17162
20056
9035
4937
15486
17475
5626
19506
13351
30302
13220
22913
21138
23638
342
10208
7760
15554
23637
19537
4592
15183
24499
9072
20010
4634
18465
30200
15453
31325
18948
18057
13628
2126
3531
11433
32707
32324
18047
24840
15473
23324
5787
24328
4273
10203
14111
16252
9881
18580
5344
12464
21718
21645
22562
12203
743
14749
2664
26288
7562
11992
20107
21771
12148
14959
24330
9226
29253
20177
18081
19785
27579
17174
1821
30258
27430
10910
8814
9413
31516
20469
14846
12693
7021
22266
14401
6931
22361
19009
14478
7695
3073
6069
8493
14204
29468
16514
9137
29556
17899
16434
6023
11644
3183
28437
25296
9736
27865
25575
25964
4418
3906
6317
6743
775
27036
22240
25401
23602
2025
11981
12856
7454
9387
32316
1553
16742
9627
19024
27751
2287
20637
28846
32347
21033
19700
29665
2908
27025
17586
26366
26176
29307
14963
15491
2196
19726
26443
31877
49
7568
13565
9739
23312
22756
10350
16309
1376
31312
20569
23457
19925
18052
3139
4750
1090
16344
16306
14914
26218
12246
17818
23338
20244
27128
14360
10561
23389
11186
24674
1074
31314
15795
25343
17089
6846
14953
31795
19815
27457
7619
24766
19516
24738
570
5830
27675
30310
12050
23313
32512
23970
23517
26231
31668
3597
19778
10135
8365
27993
12028
17610
15919
196
20261
31317
27576
23786
7861
10467
11419
18397
6982
10290
18411
16759
1562
12812
22426
26095
3166
31097
21218
24235
17584
16947
6116
21845
9696
3162
14480
7473
23283
10345
3780
1710
6254
18281
23480
4411
22225
23396
30361
28507
5729
23581
20084
4348
4138
17406
17238
10245
30789
22866
6834
23342
13655
6068
4866
6932
12634
19911
23217
19853
10144
17192
28217
17208
5140
31393
8585
11097
10180
25760
22697
31204
26268
5607
13216
29656
21108
22148
12694
21966
18254
7428
3894
18642
27864
18916
25686
6513
24889
14152
17626
25875
265
28911
26837
12684
28833
10343
8178
8941
19094
14717
5139
17312
6016
21240
7991
4788
29440
6023
14497
19573
513
19191
15671
8512
7741
24489
5928
20117
23299
30788
2257
20078
18232
12711
7906
4303
4253
18722
3516
29599
27727
29413
32286
27830
26772
29880
3329
6711
3028
22765
704
11552
25830
19859
1404
25119
28814
1005
19135
31912
30787
9251
3167
30788
20021
10550
17574
25644
2702
14649
30127
7446
11768
19903
19
22863
19808
16528
19654
15114
11002
4256
20027
23800
24710
29505
7375
3352
32465
1431
12900
10705
18046
12876
2380
21822
24070
8070
8810
29385
10494
14614
13971
8955
9369
10995
5946
12690
28013
24550
589
10708
21114
22662
27994
1316
6504
28263
3062
10195
22544
22415
5471
8248
1854
32297
3424
23555
12981
126
5237
18382
27252
27936
816
3317
22840
3944
21723
25000
9282
24611
9567
7998
30810
28297
18021
4812
26644
21871
12218
15351
32594
4285
20216
28166
12298
18209
31331
1852
31818
23557
2833
12900
377
23999
25166
26285
18655
9224
24126
6584
360
12976
452
22512
1700
13456
21411
14106
22803
8895
14563
22316
27552
27657
20087
25955
27243
12444
1564
21904
24267
26117
2692
17843
21652
30555
11956
16330
25749
13754
27819
19947
18533
11507
14148
5265
23392
12418
9053
26420
11500
13505
11321
2844
2049
18523
5923
7286
5096
16898
14932
18856
29250
30309
11031
22754
32333
2652
5931
11253
4451
13670
19817
13929
28867
2134
14758
6601
18580
3145
22491
23618
22567
19931
25220
28013
13181
10395
16453
28008
15881
26300
29907
27179
17078
2317
6418
1817
19756
19243
7803
17110
10319
14324
25025
20313
9737
25152
20660
12354
5194
5580
10085
4973
845
5239
2187
6087
16668
13233
29989
30304
11862
28208
26465
16834
20528
15844
5309
12162
17338
21038
7020
8212
30308
30285
7931
22755
18368
15385
6196
9377
30857
16115
23619
19932
2789
4860
7959
10195
30695
13445
29963
6535
24152
3015
6086
24341
3767
22740
29279
30018
6270
7118
14533
25432
15527
19799
3679
22321
26991
31560
32751
18321
9050
7590
21692
4281
32631
14290
31472
16184
4837
6655
4927
32005
31638
22249
24521
21707
26195
16837
6722
16260
13824
2163
30032
12361
12322
15867
19764
4712
21150
26935
19373
28088
14019
27597
793
9513
9611
21857
17630
927
16670
30472
14088
2817
26520
19199
27956
14732
13068
1181
2220
14702
15049
23686
9171
11920
31196
27938
3268
5811
32470
13133
4918
28606
18639
1872
28067
6230
30122
8720
31145
7856
9627
646
23472
29091
14311
18287
16845
10242
17643
20805
19942
21032
31072
16493
27415
2516
14045
9138
4693
13368
7581
27378
16977
10828
25475
29207
11935
15208
7259
14409
27160
15890
22371
5987
4221
8981
13834
4003
13149
16083
24567
31653
3640
15579
30797
16530
17892
29118
30766
20117
14128
32543
4734
1422
6344
32266
1257
21003
29784
9095
31271
5748
15092
4974
24958
13445
30904
21884
24457
19201
27563
8359
15417
31653
489
28847
29209
19803
770
6646
17110
32433
26781
20369
29950
23689
10849
20383
7944
28946
277
10713
9109
7927
25861
21611
17141
31958
19368
771
26093
1267
26753
29735
1463
27950
30019
10443
21835
15154
17720
14883
4061
26864
10211
16822
4263
11596
24293
1972
6120
15637
11037
27529
24877
6203
13587
15026
28367
14140
21655
27087
11965
11488
31653
25594
23675
4134
18572
25688
17515
17022
847
3565
19532
26168
2636
13749
25856
6461
29211
4848
18834
18429
23737
18877
12151
11432
19430
1002
19476
20129
29387
3083
21377
5680
19168
7881
21645
18551
28685
26237
5634
32679
2064
21758
22826
29555
14622
20406
9617
9669
29645
25084
525
18352
5169
27038
16124
27303
7749
29116
13773
20972
6541
12253
8642
30794
20474
22332
30195
7687
29710
13923
21655
29461
29248
21243
2943
12680
29090
30691
14819
15437
18369
27007
865
5656
25549
13395
29763
17566
29946
18896
31489
29701
20517
24429
6918
28312
22715
17402
15543
15552
28887
7985
16050
303
13482
20367
11347
25951
1312
23138
15741
10811
9664
8738
919
12572
29141
22276
26580
4342
27851
21965
24248
3028
12763
26852
29912
30849
1771
8108
6369
29832
5807
12304
18139
29279
5653
5728
30895
30688
22752
26459
32743
8440
6546
2189
11446
15011
30864
17115
26168
2584
30337
25436
6138
5184
28151
24170
6333
31085
20561
10489
28279
14665
10720
15400
5019
29453
12616
30486
8602
30195
26153
21239
1194
13805
767
7527
7366
30871
17991
11517
28662
20074
22244
17444
20944
11315
18368
5670
9279
14532
32438
8842
5507
8938
688
23200
32633
5023
29964
17754
19485
4224
14917
5469
845
25217
5583
25944
26064
21727
15682
3733
14742
24662
9915
19918
11073
5781
5759
10817
26853
25071
12258
21254
23052
27987
3432
26273
6398
18558
9257
22740
4415
7279
30330
27319
26456
1051
22985
26890
3546
23907
21449
9417
11169
9795
21200
23041
14166
14924
17789
30947
27703
1108
21917
1302
31771
30828
19023
32594
8880
27154
21863
3371
32264
4776
20497
21290
20564
23589
10935
13602
3823
17419
5156
28865
25246
27289
7145
18022
32022
8769
21503
9266
26558
4956
13743
1890
12215
18461
19887
2012
4890
13507
29582
16903
4992
4115
4177
4832
4552
4102
14431
23115
22292
24255
7322
14246
12053
23487
5839
29860
30601
32092
21840
4697
18689
26223
27103
11409
7400
1102
16334
10086
5313
18682
15717
23314
18096
21913
5252
12801
13116
10534
1673
27947
18515
10087
8052
672
5518
3103
11338
19044
5559
7814
28855
28030
12681
14582
24566
19276
24502
30951
23798
18713
1583
11037
17845
16369
159
18464
19952
31924
28728
5357
27903
1642
14515
15339
25339
7894
20114
29216
6433
12622
15017
31909
24955
9162
30428
10839
22973
15930
2090
5584
30061
7197
31211
17302
29510
23631
7765
28817
16863
802
14405
9411
6024
17073
29245
24115
16756
7537
18088
26666
28190
5897
15718
12962
30437
26468
8836
15868
27897
25604
6731
28401
28027
5017
13949
24267
224
8146
28891
31701
2455
6515
12010
3600
1515
17064
13047
29735
10538
21400
7769
11429
4103
27966
26870
32614
5181
11892
29193
23371
885
8017
3618
15410
15722
26293
13934
11558
32075
32290
15672
15058
21089
22478
11184
27196
3057
10998
11499
1968
7268
23156
10796
25081
14245
10644
31842
17880
12491
13092
22257
19886
23288
22218
20405
22908
29056
4251
10308
17165
19278
28392
15476
8818
23940
6747
14878
13999
20834
9283
1569
18100
12649
3885
29353
3727
29120
17844
10929
3295
22486
29594
30406
17548
1353
29975
16142
18101
10759
20592
28298
6378
8627
28108
7064
19356
74
324
6588
21713
20998
23353
22687
796
4738
4842
13400
7373
7968
16197
6891
32613
10408
12798
11023
21325
26673
26847
12341
10183
6981
10591
8133
2852
2880
31349
31659
29496
9209
28846
15890
2571
23972
126
12911
13009
32247
19155
24514
23324
29836
6128
26649
27729
22151
29817
341
29016
15736
9418
27440
17560
3459
25229
1663
23075
26302
6284
29109
31277
17882
4291
20137
32707
6150
18618
5529
28602
17936
24594
6510
31717
31437
21853
8513
18059
10428
1331
15135
31255
4838
8066
11273
2322
23816
1829
8511
10831
26356
20408
1727
25957
30517
19883
9992
17250
30962
27798
30755
30654
20757
16332
14820
5518
3755
307
18798
9466
31374
29267
19957
11505
19010
21420
8904
1308
31262
26189
8846
1040
4780
11170
14287
24007
23890
22414
22199
18001
19505
10425
17431
11463
6477
6956
19885
8833
24814
10523
22437
17032
15175
3585
25439
11598
6486
16371
29555
27805
26891
4909
28915
21454
17580
15346
30192
12347
12664
8851
8511
24055
12683
15821
22396
5308
11521
26455
5456
292
30302
24252
14064
32284
28206
28263
22758
662
2536
26364
13844
6015
16920
25839
9974
27121
11197
5199
9767
19881
16624
26338
32295
17339
7367
28791
1115
22916
11897
23928
1365
29665
10179
14271
18006
23198
10890
28074
16401
6194
31169
20338
30386
425
12685
30392
4895
31457
19111
19553
8574
19193
27907
8356
6391
5383
21935
2401
4283
18697
21501
31413
17989
8479
8676
19915
22752
32503
7076
10741
24169
15752
6825
1019
13654
19203
30642
10163
14327
7942
30770
32721
13564
24851
10998
4097
20792
21314
30729
21811
13988
21810
26581
54
13479
4933
25994
16009
13716
13837
196
1390
11637
9729
29288
4927
26119
14197
26830
6917
19461
21193
24358
20039
8617
27872
1044
14624
14961
25555
29598
9364
9247
5095
18504
29476
24835
14525
18301
11168
6012
28361
11569
9789
23229
26885
23237
4072
28877
12007
27947
14297
14801
30352
32330
23402
7310
28486
5540
25642
7210
4132
3126
19501
31538
16144
26527
7335
4066
25582
28805
15033
11680
15379
2101
30347
18377
509
393
4251
12720
15681
271
10581
8164
20164
10343
20195
20146
3374
4333
7494
29163
1436
22937
9382
20968
13462
19491
2534
14794
19264
23914
5500
6918
21716
3350
9344
2594
20559
26748
12290
30905
4715
13507
24225
20677
974
1093
21593
21790
3969
15160
13469
27453
21923
18318
2726
12870
30303
4121
3082
2886
2331
24307
27024
30392
5106
19229
8771
27471
5989
25958
3269
2543
589
11407
2790
21244
8724
3244
7029
16600
25381
28109
15959
27559
30113
5598
24277
6742
10836
25036
14394
25819
7143
6634
26782
19390
30807
26002
9725
26840
32422
8719
18828
7515
1232
8378
9548
24850
6656
4196
22495
5866
6404
5620
4763
2738
16126
22609
1501
31775
6749
899
26527
23315
26124
1813
18509
6430
9449
5053
10709
13382
4473
7231
3326
24323
13786
23950
26874
27022
16377
12852
16702
20571
26117
13557
19857
5092
28451
30383
26723
15785
13411
19333
14177
13941
11762
29500
16966
20962
24722
8421
27636
13087
16200
9661
451
28401
21844
17233
21785
3832
19558
26854
4923
23092
8975
24599
20322
1736
10102
11456
29458
14589
2636
9243
2215
29577
7682
32553
5169
23826
5689
27732
28289
32494
23418
25682
22148
24877
18215
17996
11472
10201
23473
32576
3453
5500
19724
16548
15414
5859
28000
2636
5775
15394
20994
2957
153
17112
17570
8099
32693
5556
21702
26960
30629
25912
7543
20934
15849
15805
4921
28359
30536
16056
28225
5131
29613
22331
1251
5090
31796
11199
10826
29466
18309
2336
25963
5155
2145
2281
5179
7537
19066
19154
20256
7970
4488
26503
8358
15329
28313
171
25972
22794
32680
4637
26750
6670
3442
26746
3964
11034
15237
24803
11162
7923
32410
22016
17009
25637
19748
24132
25398
5468
15913
16243
23601
10514
2641
15202
25713
17514
9021
6655
3519
13660
21785
5264
4816
22547
9845
1600
21951
27539
27216
1495
8890
6559
14454
19657
2811
13786
16397
3954
27641
30764
10346
10912
30432
13927
29737
19026
19519
24875
6780
28095
1
18439
19139
27802
6559
26848
3677
24981
25748
20119
15550
7716
9488
17126
30146
2947
1264
22411
5697
7418
19694
2729
23268
14176
15893
2667
9527
12766
8057
23530
5887
21493
21540
26961
30669
29890
3411
15167
6355
8065
27875
24940
10999
24913
11270
20112
15142
9270
6714
11136
18667
15204
2172
26010
11072
1211
29880
31844
14244
17294
2437
21104
24429
6312
17935
1411
14176
15249
25172
4597
7551
22797
17300
17755
28962
15078
5378
17508
4425
7403
22720
10241
5425
21305
1290
30153
29477
9657
434
30619
2455
1258
6604
13957
15983
31713
13738
7396
10403
910
28939
973
30728
6976
24975
12204
3944
19051
8558
43
1236
28586
29290
22358
31803
256
3330
31740
4156
8547
28649
31576
15673
12155
17334
19952
685
12711
9949
17342
11967
17217
30174
31630
2071
26403
25532
27047
18928
25449
30385
12717
9838
2681
15648
22470
17202
5441
20171
3324
25645
29376
28230
6883
14513
12488
24236
12923
32462
25090
16784
8791
28891
9522
4406
14335
12627
12732
2819
20628
10467
3432
7731
23730
2752
20322
13002
23450
29502
5253
23757
4497
21663
2264
20401
32131
9768
10841
9748
20972
2427
10490
20907
29945
23072
2026
18300
19434
23397
25621
15437
21946
30824
1006
1372
22786
19058
5228
29008
10523
22918
14162
11632
18050
19258
18100
2835
24193
29638
29111
14679
28172
32091
5784
18198
3050
6582
32240
278
7701
29172
23350
128
32354
18600
13957
32148
21092
555
9119
15002
6798
1843
27187
6940
15513
13735
859
15186
3365
21426
4201
7134
7331
14615
12003
13754
19314
8900
19916
2670
26952
25769
26661
1158
25556
28106
18612
15427
18594
21139
15108
29841
7742
20844
19885
25657
22684
1422
2517
8024
27831
15381
17399
13584
18297
8022
27108
21885
11227
11378
29191
5098
15437
10028
20460
6469
13144
32759
4612
23249
3970
24659
3234
10523
13938
20826
13898
11055
21332
12438
6443
6667
29823
26390
32234
20564
11349
5825
13217
584
14699
12778
6440
12788
31211
12580
19347
13223
11830
23383
7675
22182
20173
21523
16002
1569
31089
25637
11409
30310
14729
12392
25700
12885
12229
21214
25545
7444
23809
2559
27684
15364
5228
29265
9655
23795
22761
32313
2080
27795
10677
8209
11299
4394
586
23162
27306
23948
4484
10996
27914
12359
27651
684
4744
4893
15824
16788
20252
11959
16195
26553
26485
9879
28964
28882
11836
29007
25616
3604
9885
240
3870
12878
12292
20422
31171
9265
7972
9538
15603
2799
26686
10040
8073
10505
16032
2891
20969
14689
19820
31909
3300
8855
28058
2539
6108
29842
32064
12143
31272
25693
15377
20904
23481
14901
20772
15328
22782
26080
24056
30509
19974
11584
17076
3490
23781
10535
30643
3526
13144
1133
8255
25157
21420
12608
15005
20966
25819
2236
4427
15293
19961
2235
20869
25506
8398
9199
27405
25314
6085
22574
7468
4404
11013
32524
21748
31214
221
3247
16585
12664
15717
12511
15648
7937
30050
3677
32389
3698
18539
31862
7395
7840
26186
1751
25600
24518
933
8099
3399
13874
478
14275
18122
21822
20023
12670
11143
26242
15418
24905
4330
12616
24408
4320
19860
22080
10192
14485
23899
29558
18130
25320
1682
17536
7652
28249
25738
4860
15750
8570
31576
2874
14097
17736
14553
18741
17893
14779
1780
12744
5059
14492
21279
27678
7288
14999
12069
3947
29884
12945
28454
22745
30809
4924
26847
32198
9104
21224
14379
28204
7096
24988
11466
7008
11048
17765
17762
5888
13399
20718
23491
7718
24642
10321
26223
25826
3086
2093
29530
13800
14831
761
16366
14981
2376
10391
4690
32472
31252
19500
14316
1598
32644
23600
19749
1038
9705
193
12908
3207
20437
29757
21117
20998
20093
18959
7651
17020
22882
6089
24507
6432
10545
13428
20412
14433
14823
547
1396
24607
30776
30159
12500
5146
24114
20830
15343
18091
17182
17413
14847
7090
25255
25808
18345
22479
24382
15231
16514
20437
17340
19348
28113
27771
18505
21930
4759
5717
24189
17160
30924
7683
18630
28534
25580
29865
16650
17744
3250
18591
29325
24536
2595
23145
19220
10192
19407
7657
26443
7753
2388
31699
7780
18870
19235
18274
28929
31044
28807
15433
24404
21102
22243
6381
27268
23755
1595
10449
17747
43
1781
21329
30719
10467
17633
660
31589
1637
9080
30396
3948
6164
10081
22879
20641
31830
22842
9531
20767
13802
17812
13861
14514
23420
15935
5443
12348
25974
16585
21883
7255
3610
9793
5163
27451
30670
64
29211
31203
3510
18219
6320
21611
21128
15794
8034
21949
4508
11676
25967
27244
9795
25031
13265
31456
19802
362
15214
16564
13599
12446
17296
2908
16195
6685
7316
14347
10560
17993
10982
24787
3820
25456
7725
1807
31566
25422
10434
15614
31665
4563
19303
4784
26872
2343
2358
18982
23345
9964
6103
5813
31597
26307
24566
27563
10190
17937
25076
7733
7649
5379
21213
24192
7982
22735
1435
19487
17422
9021
29801
10669
28861
871
32394
29619
8368
29628
11834
24267
31785
26955
6885
262
27656
26687
15255
10892
8164
16805
15796
12674
14938
24182
13289
13617
6053
15313
12642
7268
25199
31880
9533
21265
27367
13278
2623
2876
29716
19855
16070
1305
27497
14097
6399
8817
16025
11802
2905
18758
17325
22626
27962
22970
26451
2218
15344
15149
5497
21757
26602
17574
4122
25142
552
1140
10328
2242
24048
11029
3532
13991
31427
7510
10266
12997
19087
29116
11976
9564
10278
23843
29520
2511
4591
21157
4467
28072
31963
23229
31185
8411
21403
26028
2743
15183
30225
7452
11064
7066
19716
30980
7295
17165
17943
7115
30051
13040
19452
14768
31804
12046
3813
3945
21237
2421
12603
11274
10595
23415
11411
4649
27093
20468
734
29760
5101
25308
4063
4178
14766
14831
3811
28370
21205
31431
10412
2240
23149
16921
7598
6421
27294
8248
24702
7521
19142
16090
13447
18867
9163
5151
9471
29625
20143
18127
26649
14632
29028
10211
636
25950
24034
25928
16117
23111
26488
23007
20072
125
8799
7880
9229
691
16789
16864
25048
22611
1768
17800
26937
25446
31057
19881
25606
9653
21892
7669
22966
20781
27845
19823
9423
14216
26109
21293
23713
23850
5389
20572
1845
13129
23650
15238
10113
15697
19658
20752
31709
9607
30598
27911
187
1260
9888
12828
2962
25188
28543
8684
4635
11543
21432
2693
29120
13848
25639
27942
19282
27973
6719
16967
18170
25966
23454
16089
21618
25529
23524
32463
15220
32324
20678
14557
4211
3597
11358
24448
24970
30735
20933
21310
12210
4526
30692
2607
2103
9301
11911
20668
21101
21598
14771
1959
9631
28466
14138
844
15176
25777
17036
28710
20869
28628
2768
24724
4555
12944
3892
26589
20437
18686
30081
26226
13537
6074
12018
27508
11036
22921
24390
20342
7515
12350
14868
27780
24331
15582
19039
5988
20587
770
22634
15899
4857
7037
25037
20404
25129
31295
22473
20796
25693
19321
6105
17425
2066
11266
21129
16733
16727
16634
21643
28381
15236
29357
26120
12519
21288
20153
13364
15787
27715
21876
31013
30137
30902
13960
21989
9667
17143
16608
4806
5540
20745
2504
14837
2210
29612
3919
16466
4848
21969
23024
12415
26743
8272
24946
3127
2263
1501
14605
22498
27816
19257
18126
1126
6149
8101
2621
11071
13899
22940
13884
20690
8990
27585
8754
8446
1197
9751
22121
23029
23351
6000
14261
22858
10703
9000
5719
32587
7260
7954
9248
23696
20195
3507
5594
24020
6665
18606
29667
27140
2259
12160
24091
9878
23473
11885
18176
22044
15547
12730
27160
1305
2362
22813
400
30995
21610
32626
32546
5609
1918
27311
19516
11623
17125
14362
21854
27928
25804
22714
25795
24155
22756
12811
4165
11449
5477
14070
15995
9846
26963
3327
1828
11110
0
4545
29384
32258
15826
21655
23964
10939
23110
22685
423
31119
23349
13015
27683
7641
21846
22703
25126
6253
5637
12965
30849
32740
6722
18242
25320
9013
30461
4685
15956
14982
5777
23618
23206
6721
28558
9728
18317
7273
6331
31938
10409
13359
24155
19024
5361
24512
15536
30071
1362
27746
25534
26294
5784
16575
10321
17722
8850
8576
1601
13
29809
9246
6133
30602
7282
17397
10022
23316
9917
19867
15077
3847
14732
5231
18144
12015
24207
9845
24545
32760
31632
29281
6551
26534
15955
5105
29081
15046
32704
14976
27560
30885
25155
24025
17204
18047
12148
13641
22050
16186
14579
9464
11469
27476
16534
5496
17227
29979
11207
27039
30705
27932
1575
1682
17177
13021
6008
8739
7202
21967
4281
19293
12217
638
5266
24924
19287
20491
7923
27747
8715
476
4089
3368
20090
4498
24081
30322
13860
5435
13151
9446
12777
21961
31329
18718
8139
10692
7631
6140
16885
26683
32710
30014
3837
2048
27686
11346
22374
16149
2617
11115
25705
13921
4501
29908
29684
9639
17987
14981
13812
27577
32
22516
11984
30441
16772
7725
9013
4545
8482
9765
28953
26612
2863
7499
31226
22419
7623
16481
615
25220
9356
30858
10946
21553
30608
20132
25924
28541
16757
10455
3393
14588
28882
1646
942
12643
22745
11750
29920
5181
17719
325
11158
28384
1340
27822
5434
9120
12860
9009
23396
11586
13621
7655
13984
14004
20401
4415
24177
23291
11246
19603
14998
8556
14397
14335
14731
2591
20904
25714
28755
16033
471
25093
26485
15081
21557
20620
14661
653
1614
24171
25956
13878
6011
10668
32138
7506
31682
14158
3971
30728
30200
29919
28792
11633
23848
30797
19824
10757
20793
29177
9494
595
8906
1293
3773
11766
29281
31248
29345
28356
19141
32695
6000
14408
15016
28158
10505
11123
12681
16248
7299
31374
9177
13539
5489
18803
14941
22272
12388
24061
4307
19106
22194
13501
18392
11012
32630
19950
28169
24159
472
18091
1129
6332
23695
4704
8707
263
5796
26751
31440
11366
7544
14964
19930
25545
17416
17882
32418
26561
18288
5871
23999
9877
31918
3909
25801
6291
2985
17595
26997
13988
23410
19628
3073
16163
5065
18278
25811
15599
22499
16350
13661
1215
7786
13218
8259
7350
19142
22286
11456
16952
27547
27075
6470
507
17042
12117
16740
5729
31069
24644
6893
5
10229
10030
3671
3219
4134
32322
11873
16350
12878
248
4856
21292
8034
1535
23388
16084
11313
5495
7039
524
27117
3937
14510
7420
2023
5716
31090
28951
666
4721
19641
31658
17387
24729
3121
7861
6319
477
15861
27643
8046
24373
6507
9813
5222
30069
21356
27979
7891
32126
30118
18149
878
25777
17727
31679
24628
10666
31931
31068
21864
28970
23840
11964
16347
26452
23128
5937
26731
16669
26326
26478
19658
29182
8829
4321
25985
27115
28861
3907
3380
28553
14847
13421
27943
27292
23619
26221
4865
12990
3847
985
5072
13911
15979
25187
24654
3529
8596
7086
11875
20203
4174
7264
7146
13497
23541
10617
28344
28490
12181
20451
5594
12290
15184
29257
20511
17928
12032
26925
7127
24314
18462
26933
21465
16352
30435
9158
7627
2655
24236
21972
3485
25136
13731
14585
8791
1744
18332
2756
21
13688
8253
7763
2895
26447
8290
11300
18782
16351
703
21544
10812
16325
5064
1561
8076
4013
8397
17422
9434
30590
25194
29517
7459
21970
26142
12128
10648
11177
15162
21355
23967
4190
26365
11708
29723
8666
25597
4516
27117
17671
12488
15237
8635
19079
12748
15149
29935
19367
27252
22626
22019
21390
20884
9662
26621
10427
17671
13758
12085
19118
24727
9749
16222
30692
15388
30022
2756
20489
21736
22129
14035
26218
9827
30573
6617
22697
13811
27928
17933
15796
5663
14827
17871
247
9459
8914
27953
32209
2470
17978
25783
28485
13690
10603
20827
2035
27620
12312
15828
17990
5613
12852
10520
22766
25816
9224
24096
10129
2053
1155
30955
21437
31253
1489
15557
17954
10575
9263
8137
7166
32578
7933
12197
2264
2988
2068
13213
113
22171
23899
12243
15608
7634
24725
11717
30077
366
8573
28183
22696
25546
28181
26515
8107
159
7483
14190
19829
32624
26493
26316
28200
1317
16942
10631
27342
2294
28857
31276
17736
28810
16438
14151
20614
14176
8507
9697
14590
9583
5109
32070
29014
22793
6775
24588
22372
10245
9553
26192
9561
7197
11877
7491
825
3733
30198
8166
19599
10014
5634
11537
24158
16889
24530
24250
346
351
14287
26228
17496
3617
25495
29494
23300
19340
32336
9310
21714
655
1853
11765
16439
18464
16014
4661
3608
8923
17533
5192
18819
13292
11926
18515
30621
26416
1878
25779
13275
28311
27640
14471
23669
3277
15500
27502
25368
29465
4681
27282
5596
13957
28708
9957
29813
8255
24994
2218
26029
23871
31722
15416
24850
20778
29982
15354
24811
4214
17899
15291
12401
17872
2399
22816
27196
1722
3835
13686
15100
23417
21258
23726
15465
32302
20785
7590
31869
5443
25926
14251
1248
27912
11877
315
30372
29854
10305
27663
3634
533
28345
2649
9092
8657
24492
31050
31381
30002
3853
21719
30742
25716
16698
6333
3683
10195
24457
4802
30389
27635
6948
19006
2713
5504
12824
219
20897
26641
2728
12441
5977
5203
6375
11029
7548
29027
17030
15882
15976
25979
13546
280
5072
16849
24961
12484
30129
5564
5207
15041
25991
15641
22756
24430
14784
11757
8489
3231
7537
18764
25339
21920
14408
13177
8094
11383
4802
30542
2453
16490
2717
30942
15545
9665
27537
31578
15497
10957
59
15921
11457
32297
12122
30075
30766
2624
31037
8600
22976
10767
27004
2580
31713
6957
20711
24526
8709
20744
23484
19034
4226
3441
22557
25763
9891
25179
16576
27861
24311
223
24553
11130
10735
31108
7829
21987
22184
20926
21496
28617
32262
4788
10538
28724
9218
13638
25886
11676
837
3919
13523
21838
14069
9767
17358
29202
14031
2669
14535
17931
22902
8451
27299
31710
20746
32089
24994
29463
22013
12527
30938
11208
29730
13333
13284
5490
11783
19446
7381
17705
27269
4564
15983
22260
24725
32661
3737
32371
30053
9599
23821
2756
16556
27968
6737
24998
11066
3633
2792
13791
23507
5851
15049
31964
26173
12219
17680
26520
28824
31554
17396
25279
17134
14112
31993
25106
29963
706
7526
31501
11919
28441
6906
4807
11585
15262
3291
8987
1446
25747
4303
23301
20947
26251
4270
7758
17023
23340
31768
10348
18012
21300
19043
22180
15272
4538
22743
23921
24574
3255
31006
27945
29299
22212
17398
2526
15326
22053
1065
6786
29047
27911
19903
29519
9636
30470
5490
24422
15119
16370
23650
28087
3580
22483
17418
1312
18394
26666
7795
985
4375
28282
20135
28175
5433
7
3433
28623
3371
31454
26147
13862
17364
18453
32
25479
18670
4948
2043
9068
17942
7061
19800
8512
10783
295
26833
26237
7852
13561
32308
25618
31742
27925
28395
11015
12042
17003
4283
6243
17871
23504
15538
30798
5606
19014
19034
25715
12635
31358
19251
25000
7611
24475
6752
209
366
15161
5281
1793
15175
9902
3201
24803
6234
16783
20177
25945
7182
10615
19284
11106
3699
7939
13756
30529
17621
31777
13013
732
22673
24459
26113
9570
16423
12686
29412
7728
32401
26128
18272
1782
23763
8145
16836
12565
25044
6385
1856
29260
31852
29875
7837
9364
5054
24192
9002
23880
29128
6703
9210
8073
15416
27011
844
3553
28545
27381
27211
24358
4143
21940
9464
6818
1655
14059
31332
24432
22547
5186
21794
15145
13389
6055
20476
21441
1625
10318
31461
26795
487
5366
27695
28484
24057
13167
29182
20078
12786
6489
30717
32123
10480
21038
30031
2638
32604
13955
30409
19132
32448
18570
6494
15672
27608
14812
2266
23728
6891
32373
22228
27570
7771
4352
15837
31443
17276
19542
9470
11857
20898
32321
30562
1783
16254
6021
9295
12865
21162
7457
23387
9665
23938
16082
22748
2497
3894
14041
22176
14122
2589
22270
29918
19621
13388
26325
12141
7935
30312
14144
13108
2258
23736
3893
10210
23906
20094
21953
16863
709
20360
7501
12418
30535
2
29729
15492
17932
20110
7718
10932
12023
4247
7152
14061
1483
29921
8955
15173
3216
1125
27445
22408
19769
9565
30141
11493
13955
21659
12523
486
32
2334
7568
25254
6677
30183
22911
4414
11105
7689
13132
23168
25567
28416
11091
8936
9581
21827
1532
16335
18510
32541
21310
28898
32461
16824
3938
3539
7203
21627
16650
15438
17051
22165
14449
16943
15604
21210
21492
18418
1799
13775
28114
8042
18858
27136
22320
25270
19923
3738
1120
32626
11009
31797
20066
554
13527
3058
28075
13844
27658
21702
4646
27902
30334
21269
15481
901
25260
11907
15497
30088
14919
4615
31040
5852
10271
19009
25998
17473
13637
7693
18093
8341
24944
5464
12202
12872
6815
8754
22049
29968
22528
24613
9288
13278
23569
24005
11310
16144
25093
9353
24645
21224
14953
29401
13599
16957
6919
23656
4213
14704
9739
17604
10605
11682
27748
26668
15900
19492
28525
26273
16970
32303
26061
1343
27510
21718
18332
6606
15898
28984
26055
21653
49
15610
4277
23662
13557
1781
4650
28960
1517
22571
32364
2024
15655
5376
8357
5721
13507
16039
1673
32615
24497
26842
28472
22206
20410
14286
8550
28248
23749
31334
27833
25166
20819
13479
23154
5870
16461
11884
20816
23823
26623
23130
12465
12449
18020
10519
9979
17800
17060
7351
18234
22187
4059
12407
8715
27463
11548
26798
26040
1674
9910
7936
18852
30045
31925
24277
18666
11905
21164
26121
28737
30941
19634
7654
17187
19478
15787
8271
31790
8033
2761
7485
11466
6805
26706
13424
12
23941
21411
5982
9434
20876
28277
1904
9040
14697
8031
1133
8547
29517
7068
16182
23236
8499
15887
9397
20487
11120
20356
5392
28933
20875
9273
6946
18047
15694
12957
14379
24324
19485
1879
6086
788
647
14986
16412
29829
24091
19031
4696
15654
31101
32420
12123
20643
14009
14876
5296
1448
25558
23671
1474
10825
3503
6652
5452
14242
29950
27716
25362
26810
22970
64
25039
14510
4259
17790
14702
3083
5915
679
6524
2427
6455
4941
4062
26020
7702
13027
14271
9805
20081
30989
21709
8386
2420
27419
11941
14202
15308
18127
16523
6904
11522
27239
4447
4591
14087
32215
18380
3241
7184
16727
20163
1961
28323
9501
7720
400
16370
3692
31691
2109
2153
28109
18585
8504
32387
2717
11796
4433
20449
10183
16384
18308
28829
26067
26207
28448
29916
1568
9120
27945
10402
29549
2836
19706
23019
13214
31649
24622
2295
9917
29370
5569
29413
14144
2958
19571
10883
24458
32384
9325
13157
10420
13528
5159
21300
1676
17592
17545
3401
13534
26961
30801
31866
31219
19286
692
32564
29272
11697
4424
27083
18912
21110
19745
13069
1516
11285
5946
20253
17642
11987
25623
11391
5916
22139
31401
1903
21659
13392
6770
1911
5275
6471
19690
23360
10736
12403
26144
18089
18642
7617
30884
22294
14813
29925
16549
12810
15963
7316
19031
12793
2502
29172
22423
17751
29833
16465
18642
17397
19463
24849
3363
11917
25566
6122
23995
3228
19565
32594
18566
23663
21140
6455
19980
18817
11450
22513
5781
7428
30997
13173
656
7358
28965
7883
6709
19478
30338
29122
8298
17263
23768
6882
19683
4532
5424
11682
29070
23604
7793
8411
3886
12465
24358
20861
7493
15795
19585
7553
2360
25890
672
11038
12462
23828
12816
12352
23353
21220
1680
20022
30520
17540
27415
21930
7676
1044
20248
1751
9001
6579
20740
8694
13151
30613
29201
23545
17946
13397
14138
2940
26327
16269
23430
8697
6521
17573
30606
17723
24042
12264
16953
7445
5893
2525
20171
10579
22708
7380
27678
13297
24917
6335
2350
13195
16995
10563
17116
12821
31826
12815
32491
3020
4538
9581
14415
6764
21944
10518
24743
8356
31122
32075
31496
2503
7577
23073
21500
20932
26964
14109
31434
10584
28378
12544
24568
10882
23936
484
15631
12600
18356
16264
10654
11352
41
21481
385
31457
21045
25618
99
10595
6519
6452
13954
9140
31932
32761
15026
12005
20515
29206
15781
16244
25216
15904
25193
32707
14847
416
50
6857
1034
26985
12634
7944
15468
19497
21414
3519
20406
21311
24011
27232
15585
9676
11825
24132
31286
18957
14070
17566
8555
12520
11062
12974
9999
8132
4490
20535
8488
27806
24526
5170
24858
16473
1064
14788
25802
21334
32581
366
25348
22597
29670
4740
30490
2363
20380
4320
12238
2820
28879
15063
1394
6842
28165
9068
31566
14742
25185
23748
28738
19207
25450
9946
25261
22785
1039
30324
11149
29336
2279
26710
29927
22733
12733
29877
28521
28072
15435
30446
2894
6535
1094
23928
14466
6837
25755
5655
29190
29502
15865
2643
6295
26882
18063
16425
24714
19465
1815
29440
22267
30486
10515
14559
16934
15999
31318
2012
24853
16699
18887
12248
20092
20541
354
7273
2785
24576
8575
29464
29183
14436
343
25037
8045
22200
30916
12679
1659
13848
22344
29008
16733
29177
19537
19825
23435
30466
9403
26338
7015
13854
407
16132
3872
3535
27691
2962
24791
24005
27449
1749
13825
30895
32133
4120
7693
26705
7569
12380
21574
14294
12971
22349
22778
14440
4905
25716
9692
29695
31732
20653
423
17014
8515
3036
14084
13540
15529
25308
12974
19241
15442
440
19668
10183
30602
26142
16831
13812
3198
22032
7604
30189
19271
11997
8220
25484
21028
8272
23010
11037
16135
10279
2845
8302
6740
25030
1007
11301
24293
32301
3244
9046
17233
30760
6463
15701
10350
22725
19402
7113
20756
8203
2701
6402
18212
9705
11529
20621
4553
1901
1125
5637
8446
29751
17168
20011
4689
28716
1960
24121
13030
23919
3867
9588
25278
25229
21004
13569
15673
247
4472
14841
10970
28598
5785
19904
16459
3674
10762
8338
3745
1075
1581
12894
18656
24516
18634
3544
25282
19061
10232
14794
3252
9352
28225
21674
12578
7502
513
3698
22260
7067
31759
29868
3417
2679
4511
17612
17603
24086
21863
14531
14643
25867
5121
465
20918
14776
20369
26011
6447
26633
7847
12669
13400
7010
29287
30753
30980
26837
2023
19793
2727
2457
2264
29705
8215
6583
8041
13009
22164
12039
360
16969
13831
23643
13994
2566
19079
29946
7854
8092
30497
9296
31101
15356
26073
11747
30676
6913
14572
27017
5765
31045
24920
20441
18715
9273
16030
10975
14269
20597
27591
16148
5205
10828
23973
140
19185
21668
13915
10354
4457
18948
29216
16050
6722
21487
20799
27637
28370
3185
9058
10194
13477
7671
22545
5954
25120
13668
30838
12117
9828
23136
28259
28708
2165
8691
15510
19463
412
28500
3131
3848
5897
14075
13234
23191
14013
30717
6803
2431
23463
24473
7919
4120
15629
19214
24537
11454
3374
7088
4389
31875
2854
4411
15472
18465
27665
7783
4961
7475
24435
27581
14125
1956
13016
31912
6497
32615
22711
10959
23004
24168
22172
27554
17946
29379
24198
5171
23993
309
6030
3912
53
19407
22986
14766
10231
28914
24945
22736
22158
13943
15680
24456
5692
5422
31772
30004
13492
6282
24056
29453
6946
26266
3065
19380
26476
1083
7128
4366
10935
10637
25225
3154
28974
15011
23066
7264
30462
14463
7901
20053
11941
15933
18377
25692
31853
24206
7710
16071
19251
30056
30792
23390
24173
16892
15366
24310
1388
23785
19403
23878
5086
24239
25445
21239
17302
19046
10204
1530
25488
4272
28317
16414
30767
16108
32727
6114
12490
11948
22566
15239
22119
18793
11631
29290
6086
13430
15115
18577
22178
31027
6439
6276
23091
32131
9066
26462
2807
24704
13017
18211
7090
3949
12024
13140
17332
9963
14898
7105
28250
29808
32123
4511
983
11254
22324
19162
12084
9712
29007
28589
17814
14722
691
26223
12992
1777
16354
4528
3800
18009
16089
13444
16750
28318
21048
28959
21946
18596
8098
5538
25637
17091
30055
11061
13580
6261
9056
31574
192
8786
23323
32624
28881
25151
23352
28336
18060
8162
27155
24084
19138
10585
25508
9925
27339
3115
24227
1702
9931
23166
11503
12077
13620
20619
15152
13938
32652
28240
5051
7813
23665
22916
2231
26373
10970
7120
18814
23790
12959
4412
26438
7347
28220
6888
3329
31373
8658
27132
28290
17682
25454
30433
13024
5641
30862
30898
24095
9597
11489
28909
32269
21264
1615
8047
7787
22930
31289
29343
18509
24786
2050
18409
4292
25012
23758
4206
31417
4228
25737
11769
12316
16778
27692
7221
22079
31711
14651
14878
380
11903
14994
18358
3102
15262
13922
27641
21631
20032
6519
22290
9837
11780
19388
21711
21458
1344
11776
25427
16532
19795
9466
8715
26043
21815
21899
11491
4050
5718
30276
14265
23695
19359
23080
32273
15286
32472
6323
23307
30522
54
30491
7571
1701
31787
30421
27864
12731
9087
11611
20735
18010
6562
18733
13336
26021
7489
26645
28497
11362
7959
8880
14441
15007
15110
28970
872
24220
18278
19785
11406
26341
28317
13741
32393
24511
1775
30294
26859
16325
7320
23142
31450
18387
25112
11048
30217
6691
31439
8274
3560
19638
21449
9607
10008
31478
32475
6432
11042
6809
17391
26668
17512
6088
23708
11189
5724
31873
3578
11078
17903
10042
5300
26793
26189
21703
5982
6389
7623
381
4873
11977
5904
26008
30229
22994
4781
4314
23879
8083
11431
26997
10011
29029
10883
4651
20828
25532
25971
31668
21745
27309
9422
9568
29690
16301
31934
20733
11804
21660
1337
11771
20248
30722
32050
16334
19363
3736
11792
916
24690
1546
9055
6392
10132
25851
2757
29270
6148
7241
20536
20512
9087
32147
19055
2944
26259
31481
2966
29758
7929
5155
10822
17893
23588
5253
5812
30753
7706
1761
20521
28268
22147
525
3762
19177
32767
13046
13592
26768
16317
18405
7954
16524
17738
8449
8122
16097
23718
27158
17470
19026
26269
404
11992
898
11092
20699
7680
32601
15139
31157
29664
169
20898
32036
21000
29970
28423
16223
7523
14627
7087
3351
32361
26561
2554
1534
12695
14541
2652
4234
15388
13057
1457
15094
22742
13595
29137
11659
12668
6718
29797
4637
14365
32149
10233
5336
13513
24889
14162
25149
23438
15445
17153
18023
32422
13448
17720
20883
12526
1674
26589
9695
27802
25107
221
21074
4647
15608
10435
24349
21394
24983
8073
28448
24520
15478
29613
6832
25181
11559
8072
26520
11136
24175
4316
605
5167
27047
20140
7367
29351
18785
12624
5532
13087
24399
24776
19887
26805
4449
3409
19993
27305
16942
5686
9159
20937
10389
4841
5173
27180
19108
29266
3960
27939
8120
9319
898
5997
7654
509
29858
28586
13978
26333
32586
20754
1662
12827
10005
3687
15518
8355
5896
16680
31945
13845
14105
6408
16698
10195
15085
16287
32632
32344
3558
9310
5242
24779
16477
17608
15375
16083
23084
17631
6013
19630
13936
27613
1896
1405
19597
22821
23798
10210
2674
1401
9777
24781
9246
25709
6573
6291
31842
14876
25962
5697
2793
31001
25851
27951
25463
15529
744
26840
17006
13103
18770
27368
17046
3303
26069
28567
8221
17111
9395
11318
11485
18947
10030
31751
23006
1761
22837
3922
31260
5388
27203
4277
8842
14140
19845
13500
19286
886
1339
26546
5743
8064
15712
3510
24389
8600
31117
2321
30672
26981
23067
31430
14035
1326
15496
29035
15202
30538
15131
31288
2466
28632
20427
18526
25808
20144
7774
26265
2692
409
10702
9993
13111
4796
30960
17726
31747
31576
28247
28306
7595
3768
22391
9403
5339
4450
30470
11936
8113
20626
3752
2924
13435
19942
11210
7137
21955
21339
15310
30192
26505
888
11113
5766
27087
14793
5450
26024
15451
20367
17405
16578
20408
6326
2830
32572
26494
11527
15217
9551
20947
20895
14113
14615
14386
5792
26632
28137
28011
32038
7711
6630
23787
14717
6358
10704
32574
26001
16310
1821
30674
14245
20037
9290
16382
4424
30506
9074
834
31365
17041
19231
4305
23899
11217
15712
1612
5485
16972
9500
6097
10233
20887
19877
6452
14350
21724
22672
11404
2810
14716
1477
14834
12546
13560
16850
5253
9815
12817
28293
28850
69
6446
6585
4018
31404
30719
5744
17491
31156
19552
11298
13564
21437
30336
20565
32491
30613
5698
7790
7874
17134
22499
455
16962
7439
29662
17921
26454
10697
26124
412
27731
10413
8208
3780
30078
21628
15090
1646
19407
22239
27658
29092
6388
9304
16672
9501
9369
21625
26577
31505
30439
19028
1076
24395
1098
16690
23230
24960
18040
4488
20835
16863
26287
16934
3070
11241
23869
14770
10227
4995
10822
9301
23315
26698
3010
25012
31168
4902
21701
3874
10321
29218
18947
531
15288
18043
10131
18132
3425
18678
13299
30586
18014
22647
1101
32537
26050
30416
22008
7478
1610
2007
8514
15742
10051
1723
18797
30648
31911
9624
3575
19448
2698
2888
8479
28437
4020
9085
1956
15198
912
13580
9680
6537
11077
12940
7605
30188
2594
31008
25271
5616
12607
29073
9802
25026
12897
18336
509
30283
14879
11162
696
4963
5443
21036
31041
14913
9587
9849
13317
4150
2321
25194
1558
22940
31327
325
16240
8457
10727
16514
31360
24264
6170
8922
25319
13449
12855
10656
22907
4439
13934
14420
6542
20939
9030
22134
17268
12415
13884
17304
28735
6854
15788
4535
13005
15770
16885
14795
10757
24278
18905
24221
2141
22182
15906
12761
13471
15675
12427
12132
26606
8387
2525
8943
27908
22424
25433
11213
25789
17079
3926
13057
13273
5237
5419
1948
32253
28525
9295
5446
20988
29117
17087
26906
27477
114
15008
30903
11517
26432
2854
24467
14686
8311
24756
1683
19359
22834
22597
27097
13862
1489
4618
28894
10843
6826
22356
3264
11695
15612
22453
4317
24542
36
16738
31136
30320
788
14556
5531
4486
512
29648
17622
19923
12378
31547
16999
14313
28417
22737
11331
1206
12982
13216
15700
13134
11983
8177
28108
31723
6191
9839
28088
12337
5237
18059
11736
28855
10612
30750
27310
23492
16612
28752
28117
6486
5206
11706
31124
26729
5486
4039
4787
4469
9804
32096
7309
25145
13899
24264
31591
5815
5870
28356
12544
21376
7447
9984
10089
5425
25210
19374
7703
14654
15186
23152
27959
1006
13394
24696
4929
18343
11487
31725
16592
4460
24956
3217
22193
32420
31366
22434
2618
8221
29473
8958
9181
3664
27762
2954
3069
4839
16655
6867
6655
2940
27827
24566
22949
27044
7223
4030
14999
29740
31165
28685
24131
11682
2351
4733
30695
1047
10472
8774
29420
11812
2736
18787
21366
22827
14574
28912
1337
3295
31769
24791
3214
26631
13424
683
19910
6783
31723
19412
24254
16511
9329
4845
5811
799
26187
21610
20568
8731
21209
10878
4646
19156
24451
31804
4340
24728
7411
10236
16583
6691
28289
11520
26603
6246
21999
6231
26691
23175
10071
14594
13021
13096
14689
24406
6601
8940
26041
11169
29740
15415
28097
12304
18576
29750
6019
27088
29054
1312
5865
21876
28751
17851
5936
8855
25151
6689
30874
19138
19395
25028
5731
3984
11805
1712
10487
9231
6957
4624
6242
1386
15242
27124
21256
18117
31441
7249
31894
21609
20029
23369
2360
29217
18808
3757
6413
30947
30129
7873
10200
6067
7919
23615
25848
7109
2981
10654
18330
994
21126
18835
13101
25356
17050
30425
16406
22117
4498
10542
31909
4685
17497
11166
14920
19147
1515
26627
15103
31534
24682
3021
21264
20724
3183
27135
21244
15850
19102
15994
19889
30101
31613
13950
3841
22993
27014
25198
22099
6840
31098
29907
10649
3525
13561
29348
21634
57
25424
14533
26608
2238
9362
31437
19884
7243
17130
7948
17497
27207
11823
7117
22438
17393
21945
14808
10440
4863
21619
24635
6952
9093
9010
19786
14680
17689
17733
24805
26188
1845
9038
23545
11975
5341
2128
14665
20243
29569
29960
879
16629
10532
15745
19485
26080
3518
9443
10409
8553
19423
27531
22473
30715
21654
865
29851
1484
19089
24166
23272
25103
10373
2957
8361
17004
9937
5580
18634
29357
9310
22898
4911
29882
5833
17339
3573
23751
17860
12450
19450
15820
21945
23286
25759
14901
26033
4784
8396
3291
17525
11652
31029
7732
242
26038
18908
31174
23010
6959
24279
14306
20649
10960
15956
12174
25469
20486
21466
1219
13002
17567
24786
26329
5589
4828
22085
4927
25247
19911
31719
28783
27916
9158
2133
21793
324
32625
3739
20415
23898
10913
25849
538
28204
10185
26855
25947
21386
13706
17494
2620
28570
12417
6201
10616
1402
18276
12356
6271
11048
13645
9203
30319
4767
30293
2255
9536
28227
10853
6637
25406
29823
6729
30903
6333
18093
4870
27374
11784
16182
2926
14832
32154
27386
18417
5943
13969
12786
28854
10787
17247
29459
19947
11001
2243
6006
7769
12075
4344
24759
15419
2778
30508
30363
1104
27545
10035
30709
13103
4212
17789
4810
11483
17201
21317
26547
25239
30421
25356
15491
19195
12138
28998
16938
8264
5888
13651
29145
22777
25586
32432
17767
3738
29802
29295
20212
18141
17191
15588
29644
21227
6526
2978
20109
14584
8863
25510
31885
23578
17434
10193
23158
22107
24482
25500
29747
14605
25104
11783
11280
10077
17323
14546
23836
32555
23974
24560
31954
1049
14570
19769
32761
16610
14870
1119
1737
4846
20164
27427
5199
5155
15
8648
21779
22269
3666
16328
14583
10465
31281
18631
25698
20142
7902
28101
15518
28566
16789
28311
4991
8748
14953
12184
13894
20413
6723
22428
25540
25060
29224
2597
28099
28249
8122
4570
2465
21770
17154
3892
5182
1133
16748
32635
19737
22548
31251
12273
19637
17794
3903
29005
14914
19261
26924
8042
1145
22052
22030
20801
8648
4355
27473
17685
7087
21093
3109
23789
26986
7337
14650
16199
24016
25688
3528
28683
11387
4278
3539
30142
18985
27287
10669
24312
11362
28020
6844
15384
11355
11966
32125
24886
4379
20338
19657
1113
1244
11246
8792
3050
31156
15875
24707
8553
16756
25931
10574
23647
23761
2493
18085
6548
17857
19582
26598
21121
14632
15098
22688
2312
17332
14388
5275
7011
5637
4186
23832
5211
25618
27293
13145
19386
21448
3392
23652
27394
16116
10222
20997
10847
19554
6224
17682
23003
9286
23775
5362
2769
17372
10743
24672
28068
13388
21805
4973
14256
10448
2787
5828
9601
18456
538
1074
27971
9454
8839
1126
13690
10774
20712
14837
25588
32120
21912
23969
22779
7809
4449
28634
27343
17350
29842
9093
13651
15338
27730
26109
4614
21954
14900
10327
19509
5048
27148
19947
25967
11885
23040
25615
32314
10915
2274
1830
14084
1625
7869
6362
7516
16695
25517
11173
31074
17453
6388
18326
3964
27736
26699
27730
10827
15653
23926
29785
222
32184
7707
15754
19749
17807
21460
15082
9896
15458
31875
21409
30072
4430
5350
13125
4454
27955
20843
28507
24948
25691
22853
9755
3977
11100
14271
31348
9321
4927
30672
4432
8163
4321
7664
29721
24909
21402
29739
31868
29741
12061
23668
11629
5433
23711
7483
7531
898
22332
23618
22021
29164
22422
15276
19613
11489
12991
19799
22636
18502
8281
20587
18886
27054
11259
27955
1695
718
21975
25388
20559
4146
9882
23900
5778
12334
14996
24805
31699
9750
2073
2522
28330
7601
25895
2641
31907
17132
4168
8122
16961
460
16570
29295
7234
678
462
5004
32293
13970
23950
3328
4586
2077
6818
14308
1305
1086
4469
19724
9989
3980
23699
25564
15442
31661
26710
21341
11189
4370
9665
10640
26619
24801
25772
11523
15181
29491
6433
7329
22450
9600
4103
8654
20693
19799
22269
10420
25353
29523
23433
4823
11146
14922
1394
30704
13829
18119
20586
26872
859
15035
10480
27011
28067
6511
4213
4943
3438
10173
19646
6173
1102
7296
9865
5567
20633
13641
31603
28787
3690
852
10009
10095
18921
1210
1918
22461
18124
24039
8365
24905
24862
18255
9119
25145
27455
861
23646
31868
11565
28844
19307
6566
26881
3194
28253
8443
2237
31066
31692
21449
22852
24104
5741
17404
30378
12610
15230
6380
19886
17397
28773
5753
22149
8758
29588
6746
27866
6803
29871
946
26898
617
6129
14564
24276
2646
18636
16297
9417
14065
8143
7008
2464
20921
24525
26021
23126
26188
20028
21796
7604
8154
27355
9903
10521
6872
19096
7311
29305
32505
6576
2072
17318
30042
2328
4481
13006
20220
11036
12786
1093
28536
838
5085
22917
20462
19841
19858
20852
11839
16510
10766
32229
15484
20311
29716
21088
25758
11890
30592
28710
29815
8105
11479
29552
17896
18855
17186
9720
14165
7829
31741
15034
2134
5623
3563
30460
28335
15824
236
27788
30595
26381
14674
10569
2244
28960
9424
32740
5870
30956
15828
19944
25333
28385
22806
25336
21627
22632
29041
27992
17479
16513
26099
4016
19187
7082
24112
1036
26596
8964
18651
28710
5248
27313
10391
20200
6042
14208
8970
4909
11569
22476
1587
26568
22107
929
14334
12487
25980
2081
17430
12793
6843
16934
31739
32429
25783
11305
23892
5821
6517
867
12934
21707
15262
18481
8581
4555
8167
7613
7403
8641
1744
19675
27463
3532
32401
28209
14519
12132
8529
32667
26297
4320
922
26830
3646
14139
26378
13115
26624
14615
1355
31030
3862
18178
1861
20567
20933
2297
31889
13088
1178
29994
26417
11745
2997
1022
12159
21209
3688
25943
5220
14750
2305
6935
27594
3519
12515
7393
18260
28839
24284
26915
20812
12996
29618
10068
30173
10217
27391
16250
11394
6897
4159
2800
30142
9382
2600
614
24846
27105
12346
3369
12060
1266
24214
21925
25653
7745
15379
18216
24317
30774
9871
6376
18273
29271
14723
2632
27086
18352
8922
13399
21152
3192
14852
5273
15838
12017
3398
13579
12068
32656
22868
5473
17888
1118
7969
14738
8641
7070
19446
406
27501
12720
10178
11886
21875
3637
32177
14438
10624
31860
13055
23191
13781
21245
16399
30639
12024
7819
16311
15349
22954
29743
2270
8327
4378
11947
1610
13286
32088
6940
16563
19381
3596
22749
20252
958
3432
28839
8547
11830
24411
26365
22806
6466
16648
19911
9352
19898
7286
6461
20516
11052
17545
15366
514
1316
11569
20129
21432
9642
29665
17925
15987
22797
19523
32132
3398
26335
9514
6133
18881
7233
6600
31762
22214
19297
801
28703
11672
25664
15807
6349
28981
2745
30631
24413
19430
19903
6797
776
19220
25574
9796
22943
11613
4388
3960
879
22247
6617
30367
5735
24564
26382
19245
1149
29111
16378
12039
16717
25959
15563
11835
27395
22929
22179
7918
31356
12722
14560
15766
16040
13317
14240
22889
10035
14746
3972
9492
8804
9384
21173
32689
4677
4388
10021
18931
7428
29586
14872
7076
23705
6684
3298
27986
12713
17377
32498
2629
15786
17039
14607
24244
18505
23092
24034
30264
5128
21329
9141
16000
26156
29489
15226
25159
17878
20088
10511
20611
13936
10751
28864
17375
29002
24031
15886
24172
25221
28364
26542
11667
27953
20901
29909
10831
15026
3400
1971
2457
6504
11947
20797
28963
11919
17193
29232
25672
32611
19737
27987
32067
5512
26277
3836
18080
17066
1754
28117
18673
18273
7419
26848
8386
24919
30235
18105
12495
1196
8426
23068
17524
17561
17360
20390
13924
12116
6456
2272
28574
8500
1583
10361
21149
21270
32557
13267
26319
10239
12082
28098
22601
32259
5397
20112
8121
1637
2841
15684
26268
26879
27842
28195
31665
14052
20199
2680
27565
28741
32263
1425
4656
8593
14049
17162
14072
23520
19774
29262
2901
3218
13586
17242
7132
30771
8643
22724
2656
23714
12233
6908
9246
32371
19575
20691
10296
9617
20504
8505
21093
19752
32318
25163
32230
2754
24663
22925
29884
28848
11905
20851
16152
28587
15008
10279
1811
31675
4525
15238
25759
30808
18257
22123
9661
12239
8114
817
26353
23016
2957
26483
4083
30150
10885
3350
2216
31502
18362
15498
14928
9804
1182
19532
12545
25746
9732
2480
29012
8802
14202
7901
22110
461
30937
6681
3042
15325
18970
31303
30916
12593
2411
25773
11713
28135
6018
26619
11358
9407
30258
28809
6686
25980
13628
20961
13304
4750
8551
2429
5640
23023
27091
7890
11141
13643
12170
17549
23283
13667
13144
7964
17050
7347
5597
21616
6454
3410
24032
18689
1776
19995
14566
11795
2701
27402
10755
17720
16102
13544
6897
32023
5272
25643
863
19307
21500
25368
6795
26703
31578
810
18195
20152
19801
8631
16649
9795
9146
32721
6725
31281
23110
20843
8447
25007
26117
18364
20637
32091
27825
6889
17609
28165
28778
22238
25287
10418
25515
28540
11525
19431
14717
24570
29940
23076
17899
22917
24343
32174
693
17706
27994
14737
3145
7414
932
11238
27374
24668
6831
17746
31811
10198
5400
6607
4328
7119
27314
11951
4731
21185
7712
27102
17862
23195
12451
1639
32054
29029
2096
12857
20367
12582
31686
14636
9951
13062
31230
24895
15281
28080
32228
23587
20610
21242
17925
29182
16761
28872
457
18793
15442
6445
26883
28858
13468
21972
29127
3209
26660
10911
6268
20333
1969
27533
28209
7943
22513
10721
24885
2626
24244
31873
29665
29912
28760
10140
21945
7193
12676
26511
4788
22760
24858
25354
19671
17158
32358
2158
13320
6547
8092
23162
12322
5329
3201
28711
28997
1324
29032
11216
23152
25463
15968
28054
31313
13945
1708
17667
1627
29096
29811
26094
3098
12596
9401
25758
19651
30535
32654
32050
30480
20108
24709
27199
13130
30190
9064
3772
13735
31138
26922
30491
19159
23911
10525
30137
4826
15372
25189
24184
24084
51
429
9642
24739
6742
20249
26162
12272
22535
30843
4837
16004
16508
3017
22327
18974
6730
30159
27411
28674
32369
22817
24074
23443
7321
20820
7600
17188
5275
30317
15171
9996
2371
13466
13454
1784
20565
19488
17421
390
25549
3477
31826
4623
30827
9807
12967
24771
23919
4380
31989
22780
2466
32563
18149
31180
31125
19819
16964
5336
17197
22955
13996
28522
607
19618
29793
31169
825
11192
28281
4268
19746
18244
16448
32087
29538
22783
8666
10084
20197
26297
4138
11581
1339
15690
11251
22185
228
6092
5181
5534
16075
18183
16379
2391
5392
27949
6890
14245
22282
8648
27068
28810
31373
4592
14710
4100
8808
28865
24087
4647
12850
19468
17530
11630
20295
6477
7037
26451
29453
3805
6243
22301
29308
7529
23159
2810
7901
7587
12786
17229
25553
1591
19999
30793
1686
15873
5821
23999
27270
24189
13477
22836
32480
31359
3501
7735
14795
15652
14283
25842
17560
29960
10110
28414
15688
24505
7529
20092
12622
18796
5953
9057
13718
21743
18410
17169
16325
32735
23261
32304
9411
14107
1741
30900
24695
3960
13194
18495
2769
30391
14117
19629
7694
28852
28245
30440
29239
13535
13337
29188
4587
16368
31903
25224
19551
11735
5989
12297
10403
28658
23710
3326
7719
13187
18903
12495
13949
3169
20954
30767
31840
14318
25555
24492
23542
3144
28081
3204
22610
26564
24015
22459
14909
13464
26580
3946
7222
21719
4312
25178
30647
2723
18120
10705
6074
12446
1803
1452
5244
22177
22629
32430
15489
5809
7196
8984
3800
13870
31322
20858
10912
26446
28115
9672
22475
16074
12967
15536
3362
12759
7306
16683
6025
12376
6178
30803
18053
12114
23472
16244
16891
14240
2803
12389
27963
19688
21066
24601
31548
16589
15640
27505
6185
18022
19308
18004
19485
23023
2786
258
31532
20671
14020
30629
9890
9594
9077
8234
21391
21640
30992
27214
14979
23750
332
26108
9366
14459
3235
9174
6571
25229
12979
1042
17398
15349
29156
26503
11452
25968
29259
30471
13914
24951
28622
29936
30601
4722
3977
19710
23520
26921
9329
22115
11675
22395
10039
31770
27802
23378
25968
16248
5805
13782
11250
18692
17678
8929
28801
31624
17199
9395
16043
15720
694
14312
27632
27699
4294
935
22310
11896
28801
23067
14108
6107
32459
7463
15486
21351
17232
23381
2808
18470
21192
14608
19870
27631
9850
31252
27276
14464
3326
16162
6601
30413
6216
19448
25458
21655
11490
27008
18708
30783
5753
14408
7769
1757
17819
1842
21735
20621
6847
621
16261
5897
25222
20131
4223
8829
26432
25716
5964
6294
15282
16420
367
18908
8983
14736
8859
26947
14948
6247
2074
25084
18128
14486
23408
16273
19860
21252
22587
23601
22767
16000
22877
18761
3694
15608
16733
9812
31338
10475
16907
23027
13522
5920
18275
24896
17195
16537
2484
10591
23508
18627
2818
10071
28303
13295
936
8736
5693
8709
577
25342
22505
8567
17097
16397
21256
11893
256
13596
18175
12896
18959
32446
4582
6016
4462
27551
3212
17657
3333
22549
26555
5883
7314
2039
28349
10042
16458
21170
21278
31134
25283
21913
26036
24891
31249
8317
24797
12675
17456
4222
10248
4026
8866
19744
8311
30891
22872
7074
1859
20122
13526
31883
26784
889
23443
18309
7266
13151
20126
14702
27584
17205
23943
10413
17496
22451
4477
21442
7284
14475
21428
32289
27788
29667
21258
20289
25100
22025
27881
10224
12118
2402
7535
25065
7435
29348
15052
11688
16519
7493
32748
637
31658
19508
10839
21728
10718
710
12117
1796
7765
6643
19541
18351
22419
13762
30351
21320
3117
12034
28137
19250
29904
17723
30487
5976
30596
11492
263
1545
6194
19926
14716
7687
21092
17921
21753
22234
16461
1118
3552
11114
13065
4132
7899
15053
8230
20543
15483
27486
2146
26366
21023
17423
15286
30220
1560
28672
7828
24225
18698
8272
21614
20985
29845
16435
29559
17926
15669
12100
9645
8802
31591
30237
23319
14727
4110
10533
29003
25154
26644
28074
29748
17765
25428
21808
23570
13245
8888
776
27842
6211
414
20516
6720
23190
16001
24873
5738
17833
5845
25286
27655
18105
23090
24645
19207
6275
14517
26719
27148
11955
20644
29781
8490
30111
16208
17724
8683
14901
14656
11160
28823
20018
28043
27949
690
15510
14470
15634
9925
8788
27039
31239
6498
32589
8329
9992
27490
4991
1434
21027
7537
7290
24945
23942
5325
1812
22491
24284
19786
26974
18936
2266
27802
22743
9113
21268
6859
28895
6125
21526
17425
7534
4445
432
10182
32261
22708
19345
22703
29925
14211
17431
4737
13952
6596
19302
2211
27949
29373
28856
4662
17695
26919
32244
22355
29848
3728
24961
25491
5210
9726
27228
16853
23647
15829
2664
1339
6345
8442
4870
25462
27420
25401
8166
17476
11179
3300
9245
27190
32592
10685
19831
6327
30048
16150
12814
23370
16862
27959
31771
21011
26607
16384
2061
10137
26766
29392
10456
5066
18817
11173
1680
4160
2188
29060
19254
8642
20196
25115
4562
23310
30950
27301
19393
31957
17929
2062
4177
22280
17682
21079
2699
20306
20615
22333
31056
12518
12133
2069
30120
10618
11797
16123
29526
6035
17309
7979
12208
3588
5908
21679
685
12465
31064
30523
17984
20121
9987
5205
18404
23828
26266
9400
30840
14424
22280
28923
20046
19778
587
10606
3455
4180
2158
13637
27265
26106
30391
31992
15099
24593
7969
13289
10455
29865
1036
25928
7065
4618
11316
18483
19440
13302
29408
7970
13707
24110
10332
9859
23342
8248
5800
22177
4357
1630
15986
31946
16696
7162
24642
28593
24255
25329
9717
25361
31352
25726
108
7827
11895
16177
3461
7154
21405
22071
6730
20573
13676
1499
5481
9501
14361
333
1509
25463
9443
15778
23050
6100
4260
3613
8870
12319
4262
21933
3702
22895
12727
29110
14815
24806
25984
16916
9950
7129
23058
29278
28994
6960
28610
26727
4889
11792
16695
31755
19816
30648
29121
23592
2335
7337
13804
17642
17483
19210
19030
27468
24462
8778
19645
16859
24524
15879
11100
31421
30760
26671
7800
27379
28719
13925
24630
13019
14930
5798
5807
20473
20122
3884
9286
31734
7575
13714
21050
31977
12186
8506
2423
19158
17444
23788
3506
11892
1437
7103
28340
15668
9545
13629
9206
22142
29561
11458
1647
1598
18430
18469
7338
28831
20195
31130
27931
11030
3420
8407
19123
9891
13049
26486
20402
3924
2847
15515
31421
17674
8889
13270
8752
20863
30251
19275
12725
32648
15239
23824
26134
30616
7428
16342
31567
1414
30636
23244
232
27536
29268
12480
18561
26271
209
9863
8879
18381
10089
2208
24070
18212
4744
5140
15479
29608
22196
1696
21213
25752
27843
31254
1746
4082
15948
3841
7879
27189
22107
10888
6228
13162
2665
19349
14540
5477
12171
15158
3093
30537
12265
7235
17846
10826
5234
7745
14386
21431
22222
22406
22165
14391
3988
2718
29772
19539
21694
23278
14137
11828
23642
13463
28679
27822
14210
27549
19643
16254
14733
22089
6540
5328
24455
26315
1013
6149
19423
2084
5128
5554
10848
16963
20485
24812
4194
26990
15915
7619
11586
23780
14542
5388
24335
6337
18602
30052
32646
7969
31095
9585
32065
31880
23742
2923
5419
27522
12010
28123
16439
23430
21154
20899
10578
24352
5718
31039
16278
17744
30744
26954
14528
25133
23470
5700
6116
19149
26341
8082
3167
2153
30760
15302
15630
1725
27472
14881
21437
16814
8382
15702
23778
30255
31399
5009
20364
23141
17584
20408
20886
8457
14779
2033
3104
19471
7168
23908
9279
4741
4959
12610
11252
23997
17908
11014
8027
8622
24301
29691
16933
5272
30616
19454
29000
2535
5824
23429
15605
29786
14906
26336
24267
21348
7867
18111
24650
4051
14829
18933
1418
2991
6849
25723
20525
26981
9222
20408
11922
20004
21819
32767
11083
9096
5537
4954
12498
7286
13717
7558
13687
327
6685
30014
25501
1832
18113
26301
4646
14016
14748
28542
8492
9748
19890
26438
3826
2472
6020
14948
22810
24807
28642
6455
32280
16837
8449
16626
13030
1955
27085
16796
8441
26995
19328
25947
16501
15132
21876
7409
8861
24096
25397
5511
16525
9596
219
23466
8747
12496
27031
12179
29019
703
21643
28331
19826
22169
991
13902
29422
31031
18961
9167
2916
10535
31116
21949
14777
16906
29309
4709
13973
14137
17122
14232
4373
8623
3299
22447
26560
25891
10086
10187
11709
12404
11486
9058
20547
23882
27747
2295
20560
29435
28936
5160
9374
20651
4969
6382
30675
17080
18819
25633
5879
1877
10441
1338
9260
1652
20084
25949
24985
16618
8730
20375
10408
15053
9858
20068
24945
25889
19639
628
3702
19124
32091
22190
16528
1095
19518
13686
1833
14318
2607
9003
12460
10170
10514
25076
28474
5012
9779
701
13727
29292
28378
1916
24708
18068
29472
31417
32741
4454
23296
8269
21702
10797
4529
9066
22306
31811
6963
26075
22565
28790
26665
21645
5275
1456
7142
25935
19367
23768
30922
8662
11704
15347
26319
25604
14265
19599
18527
10090
20104
6497
4457
5131
11946
3885
21683
9826
1085
1254
15218
6311
16173
3863
6936
29007
30635
8833
7533
23250
30427
18949
12001
10416
14285
29637
10016
11702
29871
6535
24552
18301
5185
18522
11799
17205
2953
19323
28937
32672
1991
32377
11296
28769
29867
2712
24228
26231
12998
4979
3534
16901
4671
5862
13599
29012
26055
1067
4342
24858
16846
20035
30562
16893
15351
32152
13109
18259
16074
1248
5466
17196
17834
23876
12392
17298
5382
11714
29302
5391
17107
464
4402
20080
9017
21314
31789
18889
28044
27501
18809
11961
11647
24461
20598
29167
21652
11364
26345
28141
32727
13604
29774
30988
17868
10639
20336
7361
8358
5981
6710
21022
18617
10974
4032
26524
4914
25312
30898
29719
10502
15315
14800
31514
10792
5675
12492
9821
4351
23558
21339
14476
27159
10767
17550
7498
13335
32674
21600
14966
31731
14897
7564
26285
2402
24550
13729
10512
12179
32137
9047
9799
5659
7077
3876
24262
3635
3814
25099
8782
18464
10182
18101
23735
31986
1384
16578
8174
24689
4036
20065
3898
28501
23813
18462
4035
28085
1583
29436
25172
10690
12037
30916
2656
22197
17706
15004
9795
5126
14982
12763
7371
29919
16107
21276
17399
7120
15609
10130
25854
16068
7743
4251
16787
10036
6818
27031
32360
666
5891
31738
5873
5929
22300
31136
15978
12475
1707
29025
21019
23051
24019
29158
16603
13860
25791
20154
3027
3609
6792
15268
17540
26359
857
12853
11276
13304
25041
21917
22436
30969
8104
18627
32366
28974
10646
10900
21614
3605
17008
11418
5845
25256
4501
30673
11654
20183
28808
21431
1491
32565
15326
17315
2695
5362
11099
3671
23850
2569
30040
25560
13440
9658
16743
5502
1107
5435
11834
5191
21106
31915
28353
10608
23802
5191
17043
7495
30164
9696
19855
16443
14207
32397
4803
2613
30480
10397
5773
17451
6007
463
27647
28658
8707
454
12680
25171
18473
17591
16593
17250
12929
11877
5606
26891
16657
14671
12694
16366
8398
17959
31516
13933
23136
32647
25855
24066
15910
9696
22838
14038
20858
22451
12432
22928
8502
10755
14675
29547
7542
9482
4387
18572
25248
31019
22054
12434
5026
40
29542
16750
10619
24213
3191
7285
23549
22924
19545
4531
2001
13475
7071
3459
13755
11291
465
1117
10015
24410
13840
20718
3013
16283
8952
14446
17625
22245
25035
2350
22838
31545
28875
1904
32484
16912
10471
7292
24030
18437
13978
31728
28697
8398
6673
13144
8899
880
29324
22526
7368
1715
6406
18180
20123
468
19992
11183
12083
25979
32539
16390
19028
8428
26253
31644
1039
26497
2997
9386
13708
27224
25994
30560
1799
23113
9426
22397
11033
17947
27015
16414
24377
10487
26494
26067
21890
15644
15947
16120
27575
26325
2143
26179
21380
19368
25971
2969
4102
27089
1066
26406
27790
17391
28401
25260
20642
29948
8234
27931
5445
16514
8587
11363
16249
29452
15040
390
17409
9947
29528
4849
14443
16603
27614
20748
5454
14806
21062
10512
28113
2022
30092
23065
16492
15408
15511
8316
17651
10447
1123
11098
23504
8975
10591
4213
655
13788
16404
12867
29089
22650
16648
19521
18265
32118
11234
6538
25659
3548
26062
18856
23670
9386
22307
14250
8879
7813
3140
6006
20480
20907
24004
3425
11585
553
25549
25597
24966
26190
14530
21554
27112
20319
20259
5009
16009
19084
24241
7396
18642
20003
11475
26378
3839
18180
13369
32258
14558
6741
28607
12869
20947
28534
19604
21081
27680
22071
1947
8867
2403
7497
31249
1917
27744
27891
6513
5512
14337
31238
11924
31811
32667
25875
2077
32477
11379
6619
11284
28488
23681
17159
19665
24463
7796
9754
1308
32105
12022
31651
8082
19470
6960
6071
27979
12361
27793
30366
28601
719
16843
461
22995
7375
31007
8468
11379
4810
20443
27673
29181
4517
6945
4101
23874
4605
32233
15741
20388
21946
16457
13012
2682
25575
11253
13951
4022
30401
4610
5577
30149
4109
24047
31688
12982
10159
23013
13455
8863
10361
2110
12453
19772
12097
13893
23734
11994
16438
11324
8585
2163
26228
7844
8242
31515
29141
17592
32393
29338
18186
14395
22490
9051
30187
627
9694
8069
2572
31350
13802
18279
18833
22692
32359
6425
22083
9077
26754
9056
25827
22901
25124
8147
32446
31884
19493
30780
385
25219
6333
15169
20815
28356
11835
17476
28945
6497
25081
6791
29965
26456
8079
19348
955
14358
4167
17628
22739
3129
22225
28830
32427
10650
13112
6666
12736
16523
8981
23719
8850
30301
20995
8946
2486
31014
28242
30792
16934
192
13824
12805
24027
24853
20452
13294
26782
4506
17709
21452
19739
19994
12043
8282
4151
13493
27820
3937
22179
1320
30058
22306
26801
25935
6979
30452
10343
20200
20873
13102
11731
2713
19418
2119
32157
23605
2387
22844
3555
17467
8193
23858
3392
31391
23704
4189
8238
1741
2664
11296
2191
6380
30604
27254
27526
2143
2405
6288
10635
7058
30023
15552
31935
31987
29041
21397
20860
318
29251
26696
3377
8958
18347
3158
14189
22353
12001
29295
14649
8171
11348
12431
9899
32349
16868
28011
18104
11415
21841
32014
19786
16044
23283
12484
31634
4566
6316
24119
6816
11450
5404
25048
1073
29933
1811
8320
11720
23990
22860
19543
27136
29718
5720
28918
21536
27653
20696
2760
6640
4863
23535
11702
6091
19391
26615
32515
31478
30539
22387
1652
24112
28464
24645
6837
5258
29967
19746
27896
5753
15192
29506
30687
17706
27478
12380
21916
30741
19564
1233
16727
2261
28830
7720
18383
20791
2642
26042
27461
20369
20312
26542
16022
25941
3369
9768
15271
25573
21100
11454
22789
23465
20927
30764
8909
24928
25011
1608
23242
15795
15896
8760
25566
15120
28284
16610
31907
1461
30190
420
3409
21003
12296
10053
3299
15670
32556
7468
16757
7146
12301
23760
24561
11136
13937
18288
20202
22857
10038
18436
4296
5154
5011
20851
6438
23624
10657
3334
4472
1390
15898
19741
20721
24333
9056
6177
2980
14076
29121
24505
31977
27200
9465
14401
4354
30757
13048
9336
20990
19342
32742
18808
7134
11913
21349
7916
23543
7206
13078
28541
24471
25738
18014
15757
30187
22335
10090
24616
26912
26574
17776
27703
4809
144
15416
15863
3969
30657
17628
13994
21969
23254
9164
653
13396
1040
14356
31497
31512
11858
4066
31021
21576
31536
9794
11356
4104
8008
11821
18755
26529
10453
3778
9486
31710
5249
29907
4316
4790
9339
7587
2416
22570
11722
16110
3881
9841
20449
12330
14900
6483
19059
14605
24320
28883
25992
10575
22258
1808
8145
7601
16731
23917
5944
5694
20647
1264
24508
16849
30679
26088
15484
8919
3121
10963
28433
29014
12085
21118
4385
24111
5332
11630
11313
7072
31197
19071
955
20236
24248
5835
17793
20479
23126
13517
5152
22637
6504
20167
8168
2618
24015
26720
16875
28159
4692
29586
19796
20236
18074
11459
2811
6313
10064
562
4918
6306
18091
2709
31217
19202
18708
20225
257
4894
18974
27657
17589
1493
3514
20010
5806
10519
20910
3431
31473
19620
21315
11312
31547
24598
23870
15752
17557
27170
29202
13927
17191
1307
26196
28253
12369
1207
32623
4985
18168
10518
27289
5481
4638
768
8198
19426
2486
28015
1627
23619
29110
16461
27237
8821
12141
8318
7947
8469
2327
4385
22913
15573
943
10771
7615
18207
21252
6069
20274
7164
4111
18416
14769
22325
10628
26742
9906
25784
17063
6730
21182
28732
29793
32386
22306
30760
9363
76
23528
1969
26538
47
9733
23619
8308
17555
21972
31267
21042
21380
27075
29778
22766
6579
22861
27572
31758
701
23592
2417
3882
26288
12735
30876
5403
28876
31970
8979
6484
25478
1980
13734
13174
24019
1030
12155
26910
1442
7035
176
25089
15274
25740
31811
8764
15463
3924
8495
16101
21087
24270
32472
16614
32170
16966
14505
10763
13489
8973
27900
20569
8758
14961
826
930
1173
1004
9539
12630
4681
8092
26640
31388
1969
14579
26519
28833
16916
17840
23022
27440
3044
12558
23988
11652
32319
18235
1965
19802
7099
29963
29612
4170
2147
12270
23734
13142
765
6688
100
20676
911
14111
20873
22569
8993
17506
15893
19655
12483
2632
3129
15896
6098
14671
4812
11947
31608
10118
20718
23855
11122
581
10475
9166
22038
18459
16994
25020
7060
7944
22438
8975
26236
23276
29284
31441
11648
18496
23430
17235
636
3844
16984
14533
4787
16888
24297
