8708
31835
28175
5045
31667
7517
15905
21120
22925
16214
1760
18565
29177
17633
20237
5584
2015
15384
10220
5097
9915
31320
27125
28594
25840
9541
10700
6802
8286
19726
31091
22227
26934
31731
18879
25417
3853
24324
8
2613
1072
27691
5157
5992
2872
10604
19095
31148
25310
31084
24325
4959
25616
4400
13033
32353
17988
31528
21640
18225
32268
19308
29223
25426
27114
26949
3452
26356
16742
4591
867
15824
31327
30877
15314
27476
6303
10174
5647
5632
7090
1919
25888
25104
32503
11665
4228
24411
32759
23084
11552
3707
7926
18004
8828
16686
3528
10075
12335
23036
230
2983
26520
12058
5825
29877
28111
5263
18774
21086
6619
20885
7683
17241
17190
1346
1945
16130
21550
15975
11954
3161
30076
19129
5189
10830
25818
302
17015
3388
19649
2986
32692
21939
12305
29659
14335
25722
15876
30561
4230
28628
8805
26419
22906
32259
9725
5694
21021
26891
13135
6991
29469
20408
4997
27186
13088
6114
30633
2076
31136
26096
8728
24390
13305
11675
17460
30171
16576
16373
25690
3092
9559
31401
24596
26017
16830
31876
24207
16972
30380
820
18255
18905
29151
22096
4385
28464
5296
25497
32081
3774
10474
28800
4894
19480
22492
1256
28523
29409
6061
29484
15543
24303
752
8548
26447
12201
20088
30692
25026
19123
20846
6406
3478
29134
21408
17962
7225
28665
5660
5626
31802
8668
18942
24563
9913
23911
27014
289
24861
31927
10094
24105
18181
4153
26746
18061
12416
31761
31568
7468
18560
1213
650
27144
26508
3829
17674
14668
1718
5846
22669
27534
24269
8768
23171
23377
2003
12925
11039
31694
11441
31011
24234
21748
10026
21563
22812
173
6158
21922
18413
3427
20400
22960
28201
27075
6809
28952
30403
15808
18046
8719
16683
21723
29552
17585
23586
32162
1363
32416
8910
631
18833
8686
12297
8083
9488
29501
7167
6731
24161
6948
14328
23953
22586
18133
15474
16317
20518
15357
7539
21902
30075
25580
31005
30315
27788
4598
21635
21999
4641
2329
6843
22181
4900
1248
4661
31248
11421
18822
15434
4591
10209
32607
21272
5822
26373
23924
22926
18304
5529
26477
29123
30396
20883
17077
28044
10438
24714
26328
19789
26431
17701
11568
8463
28127
18642
960
32723
5234
19899
18272
2342
6689
31990
2331
9462
13811
9467
17109
30116
4244
23644
16176
12378
2900
15536
14513
20383
30834
18896
29727
21545
10395
22855
23084
2034
29102
3587
21592
30606
4802
15441
28945
5563
6506
18952
4895
15674
11320
24323
12351
1245
24191
31189
25358
6626
29021
15545
21545
5247
9721
1736
16019
31422
1290
11631
4951
25995
16281
27167
110
31755
3335
20550
24290
14640
10833
24447
19508
12171
24211
1541
29436
16225
10443
10094
18127
29440
31456
31638
14181
30035
9699
23001
7931
22197
23444
17541
28663
5123
26920
18574
26059
5109
3913
1412
15643
3758
7007
29123
14114
5009
9742
12010
27730
8535
6911
654
12858
1118
28132
18223
6317
28484
8374
26986
16929
437
32577
17777
6997
12673
13283
30905
13879
18930
6545
31730
19460
30044
28442
6460
10929
1269
20400
4760
4490
27367
5284
3228
16665
6820
1137
4460
16969
17274
29436
16357
10443
6503
14106
31515
21689
8238
6483
11782
30585
11434
8166
30584
24549
4195
23564
21074
20904
9055
7297
3576
27627
8251
10561
11010
25394
1658
27791
28725
4736
30492
11580
19377
10178
16242
15910
21611
28522
1586
18175
32734
859
20167
2640
24574
24837
18154
19645
32110
10961
4726
16778
8690
6335
2424
8286
10023
23629
7302
18503
7538
31644
21331
5119
24374
26574
6528
17262
25674
21170
19892
7791
27050
1955
18158
13527
16748
19373
17434
24500
24310
2290
31203
26578
29551
18764
13001
30084
11891
17460
13683
11680
30475
995
25926
8140
12508
26038
20790
27128
24990
31191
9436
13612
19152
1562
12233
28548
19370
12325
30491
26489
8020
4820
1358
11361
19285
17116
27732
22585
21070
1710
11751
9891
32488
17822
32286
32043
23307
29252
5182
18638
10065
29730
32211
21693
26298
21640
10240
32350
21153
12981
4884
27284
19182
17215
25693
8256
5774
24245
19009
11272
2080
25474
26250
12631
23281
28436
13058
3236
23595
12862
5184
27384
13385
25819
3777
31402
25806
7349
21051
6509
20023
2981
3885
9102
21038
26875
19131
18550
26112
2591
9401
2166
10577
28281
17414
16324
21775
17039
23835
25280
5796
7789
1763
20348
11120
842
20942
22652
20598
23656
21793
27834
23125
1852
9872
237
2427
9935
28686
7691
28309
18020
6116
14605
29513
3931
12032
14322
23336
5717
6544
18438
20702
921
9680
26980
21420
6839
1312
21434
6425
25963
23386
6220
14052
1475
22626
9532
10556
29572
4095
3592
2355
10443
1001
15700
1905
496
5155
29674
32549
21679
18826
14591
13634
650
11951
8120
6119
2665
10978
1516
4638
23940
5007
12332
18378
31618
26574
26368
19931
6626
27189
31092
12996
23195
3312
18643
27439
22015
25620
16819
30447
31717
4657
26161
21046
4103
25383
19838
1800
17833
2362
15515
29423
15996
12392
15456
5361
28865
23545
20675
30655
14513
16985
13655
3119
6429
6947
17171
2028
28498
4990
25429
7276
7743
23724
13350
6691
29914
2272
16832
21495
21439
10832
31054
22259
22042
26764
14578
19007
456
14
8460
2896
17081
24594
2746
23132
13721
23208
18331
11025
1455
6919
3801
28038
25093
22052
15206
25458
19913
27011
16261
21916
20467
23629
29069
15762
17960
30372
5609
14238
24286
25395
19044
20726
32450
3849
13988
1587
5462
15271
9715
1540
9439
30551
28230
3108
382
28608
18551
26761
2973
21176
32214
1759
27020
12633
3808
2612
1132
6487
14158
20725
19533
22672
29522
29977
1939
7909
27165
7324
12702
29257
24996
11823
11434
10519
8100
15918
19187
24233
23523
18386
29469
5670
10170
1704
25556
32667
28368
1089
23216
4942
29992
11819
8795
30543
30302
2081
19445
25423
18989
20095
6071
30389
12853
7417
20695
13551
13563
28043
8364
7174
10802
947
7443
2422
23609
6111
5649
24892
25316
22305
26298
11056
7039
2858
19793
6805
25104
32374
3760
13295
28637
28868
26858
1300
814
12233
6448
9094
13396
10277
30961
25856
7146
662
30277
1615
11867
8556
27532
13411
28837
4669
6738
11174
27228
18393
19831
24973
30961
12416
26252
27756
26676
31827
23167
7566
29720
10249
24955
389
6070
8163
24074
15039
19861
3810
16253
27226
9513
11831
25485
6969
20889
10491
15170
25432
5574
26656
14100
12124
12680
23208
15953
27759
13370
3604
13758
1098
22650
11040
22913
24467
19754
10925
28222
25194
4026
22271
3457
5951
15274
27944
4444
31718
29514
29380
25425
9453
17861
5095
12913
11053
13917
7508
21702
6047
18680
26352
22511
16753
14300
17014
1290
21081
14007
17003
23511
25898
26338
27989
18713
29349
24806
12584
7232
145
30528
11009
70
18190
5729
5910
31703
16422
26105
31981
15540
21925
3957
27597
12889
8490
19910
23411
15326
29311
10853
1285
27931
4134
2964
18508
12047
26164
30694
28957
16259
5987
13057
28952
21482
9314
6051
24982
25484
7535
21219
25052
23779
4648
25786
9621
19013
13214
2497
18303
10692
23724
29244
13412
31827
29831
27224
16972
20522
24469
22449
18417
19051
29315
12311
18547
29701
7058
19858
1869
19928
13873
17315
6280
28699
15569
6605
16686
14587
19701
3924
15362
20101
12680
19525
13934
30662
26484
9142
6589
4401
20592
19279
29834
8257
2073
11274
6264
19039
3909
12342
16420
13061
16788
12994
20824
1316
18760
29624
3970
11203
1366
13832
21092
32233
5564
27271
5388
25022
534
3127
28935
10989
11884
4553
22994
14412
4687
6240
11409
5311
26148
11160
26627
8026
15039
20167
8374
32453
12084
11139
1399
25573
14569
2404
2061
24504
12784
29450
32295
20609
8596
11362
20114
10790
29490
24102
32431
7638
3915
6819
13349
25838
2774
8127
32467
13086
24795
31290
32521
5064
27197
28212
15351
13992
2008
18672
15973
28602
13003
32727
17317
28248
26391
16576
7366
28579
7274
22382
3595
28709
16693
3162
17051
8373
27652
24755
10362
8858
14095
19364
18616
20211
31244
23765
28649
3414
22088
26676
15061
32183
18678
7925
23408
31115
14279
14807
10764
12334
11195
6314
22221
25218
11830
31502
20317
474
31830
13949
11490
13846
1156
3468
15917
3855
25161
3181
564
25909
19555
3769
9923
11638
10521
21100
24430
17506
15563
15410
10442
29837
9933
12513
19421
15413
8310
10310
13778
5669
12915
23844
30705
18905
21601
15994
975
1763
10908
1541
30658
20366
22097
6150
3992
30400
3035
4165
3465
13605
25420
8278
12137
6537
5961
8987
1059
22662
9756
2442
13666
16224
2308
1200
6545
20013
30159
4342
8710
15673
24235
18084
31098
29096
9274
5027
26301
9565
11748
17031
18343
17947
23665
29389
14418
20458
2775
26208
14982
9917
4432
18530
29045
13137
32432
20778
17833
18264
31734
27529
1338
3287
3617
16210
21572
1229
10821
17689
408
22805
20445
18234
5042
1421
7523
29726
8684
7288
4894
26041
19953
10785
30780
16983
29043
31682
5664
23193
21537
19875
15869
26810
32211
9350
19620
21783
30984
22083
8346
9199
6547
1456
13934
28775
7057
5571
24393
6353
11934
22523
17863
45
16713
31227
13573
2288
8389
30329
22012
11525
16609
3414
22285
22290
16441
1806
12764
24828
31918
18259
866
23469
19477
29429
10814
1045
11564
11525
8012
2414
1234
12090
15481
2245
15223
16787
26070
25014
20177
21822
18667
18551
11216
18105
9805
14616
25813
2871
22899
12296
6175
19781
4805
19420
6789
15533
30710
15436
14955
5531
7828
8830
12015
8958
5341
18056
1891
16433
27861
17968
12032
7643
32149
8437
22744
19988
20198
17748
26637
23497
25358
836
10305
29025
21226
2051
27213
21152
28733
18196
22838
11724
25160
29833
7005
2063
28827
29822
5109
18717
28714
25574
22714
10774
1699
7818
12256
2990
14335
26190
10826
30603
29272
4022
11773
20719
3066
22442
1236
30870
26556
18038
17269
26594
13201
17429
7299
1845
30042
16815
29718
17310
23038
7264
18280
10169
31421
7483
15569
31696
3265
14991
28661
12614
12022
32360
20028
7478
18972
13913
6018
18007
14107
20601
22288
18979
8086
2476
26827
7480
19650
20772
24236
11006
22649
1319
23152
6282
29834
27922
12177
11970
15444
5278
24948
12226
17555
27746
20964
7039
23929
21401
13247
10154
15105
28454
5615
28376
30592
29141
6812
6879
9340
14820
11936
3715
24002
26562
21820
21074
4787
21014
23561
18636
31199
31491
2865
28103
25301
27306
9694
9490
23096
4849
20211
23641
21526
8323
9723
1096
20598
23833
12382
9459
11824
1783
25307
4470
8194
16825
24370
32472
30687
1103
14881
566
15498
10311
23954
14877
15716
32330
23315
10039
6275
3050
17030
30762
26371
22171
20762
19645
929
24574
3194
13373
8069
14182
7748
27423
6496
17557
956
7142
19127
12230
26050
10055
16255
2801
11521
14219
3049
8266
9834
9014
13439
2570
19425
25318
23664
30579
1333
7805
11816
17166
30038
5506
12836
15928
10178
26309
2053
21980
12865
31554
13795
29826
7890
6216
483
17801
12773
23771
2572
15792
24778
11862
3670
3292
3178
22613
8452
23829
21557
25553
12596
721
5467
27021
9141
629
27199
25521
28184
3865
15913
17077
26634
26251
18746
18817
18145
11927
2214
29907
30580
14214
1821
29152
18992
18405
2442
26686
9576
21896
29696
6913
12781
20430
31473
9509
13791
24357
29858
21804
4546
15825
24283
27655
5076
3562
27875
17210
5534
20644
12716
7740
6090
25300
14922
11036
20532
8879
11433
30314
24132
8916
16000
22101
6522
3725
6273
4369
11850
9041
31187
17020
32043
25486
12225
17664
28651
26278
13748
8635
14661
27191
4446
19421
12981
2208
16185
11090
19595
14529
17200
15010
17471
31490
12699
15381
5380
22422
17521
18970
22175
4609
20665
18153
32378
13783
12354
28520
14068
24775
29588
5451
16636
28121
28710
17536
5086
26100
32466
22474
12124
22947
32389
16556
21505
2072
28475
1672
5554
30578
14635
16648
31878
25147
29758
4541
10200
7733
17350
24838
10138
24662
6765
25140
32747
529
31339
8939
2796
11223
1533
10699
11472
2270
29714
26704
3635
26657
15687
1015
20653
28328
5397
15011
29094
16137
841
26174
20332
14895
12725
25507
1154
15706
16934
24764
3388
359
16534
21991
27528
32594
1442
11935
15631
32249
7486
25944
30589
11554
1447
5802
16156
29120
23193
20402
2984
18290
16579
7094
3935
23373
9592
5383
5207
17371
9895
32044
17428
31331
14093
8252
3418
31083
21161
1932
7232
9340
22384
16266
6278
23845
22083
13545
7720
26946
28702
27903
9267
3711
5010
7531
17880
1815
11893
26362
8639
13282
10200
14284
17310
12174
13881
6322
19465
10028
26106
27099
19084
7151
25618
21168
32247
29233
24835
26876
28409
29111
8204
21328
6384
6966
1695
27302
5376
30486
16405
8004
31586
16757
18849
9443
28415
5999
31362
10769
1854
2461
23677
7892
3098
14299
26763
20112
14455
23119
31695
20778
30390
23463
6346
5998
19335
26785
18642
5806
25342
6353
12736
22444
29674
5279
13290
27835
28002
23695
9297
4896
8864
5573
30491
958
26899
32712
28227
14067
23727
30598
8335
8125
16008
11160
27842
8737
8607
26056
11539
18637
23035
3536
16095
32252
25084
18789
12955
19354
10733
23924
14348
26280
1496
13484
6842
2531
11678
12092
25250
25504
838
8158
27947
6907
5014
6676
4699
12336
1248
30129
10827
15433
26655
11164
1752
21498
8259
28625
13724
4553
21448
11432
7709
2929
7309
17242
20547
13961
27108
13761
5904
97
18661
7519
9099
7469
1801
5026
25597
21093
25332
28518
23392
16491
16273
31676
3349
28527
3428
3050
20693
9104
24092
4275
8938
15427
22120
4824
17567
8953
29196
14046
16629
3324
20020
11794
10647
5274
28168
14539
8208
28038
11648
7663
32572
14459
22138
15288
14588
14882
3082
5560
15406
31030
17
1051
30429
2022
10001
26669
18612
31867
24127
2588
31161
23866
14298
1022
2360
908
25020
24085
26876
14940
23087
16466
30917
7105
26369
23833
22007
29149
731
31044
21392
7941
13518
13674
11868
20769
1583
31841
20844
1110
2725
15105
16068
6371
11904
17707
28756
73
16204
3082
17706
17839
25254
2457
20197
30084
28495
1382
4973
10342
23679
5781
5857
13635
15228
1831
16849
20158
28522
31869
30638
4052
5989
2327
29054
15295
24269
2978
12500
13594
10209
32562
7936
28743
17552
8396
11395
25870
12683
3623
1222
17286
1951
16819
10763
28729
5954
4059
3491
2947
25196
2439
30817
2107
26792
26598
22352
5525
31082
25962
16545
24647
163
10260
17639
28395
403
8433
24711
7589
13278
1253
8553
32005
30435
17063
21748
6191
3913
6669
21050
26169
25306
14474
13423
27348
9877
32501
6560
18991
13054
21643
14753
21528
29369
11064
26952
19045
8023
6418
24024
26258
16496
11046
17600
25259
8434
21880
902
2412
11960
9285
13310
4520
30815
4747
12479
18663
15701
10700
17879
20819
17458
20238
22974
30421
27468
24870
8841
24443
10117
3126
15200
6941
25960
30325
11826
22080
117
10798
17831
13370
17592
24844
15191
5271
11937
5268
5689
18364
23823
30707
19806
30410
27054
16122
735
17093
7043
22119
27412
24310
10181
29030
13318
10893
29935
4183
295
3467
5139
25810
20289
7391
25713
14056
21677
18895
5448
12204
12741
8346
31212
11507
1435
23132
25625
599
15084
17969
30855
19330
8527
19869
12734
13225
9906
6188
1324
22102
17671
4693
24181
7531
30779
23460
25866
16484
20584
24601
16381
18652
29771
8395
19476
16466
10232
28624
30748
27438
11212
9057
15231
13567
1956
1082
23321
12807
5708
31552
28744
23033
25915
16998
26178
24577
15485
7377
25004
19461
25328
23099
18024
14635
29363
10645
20398
23963
20956
32496
28254
16262
9065
4253
24980
15207
17530
12179
15741
16264
10685
32530
21610
24776
12585
20358
13859
11421
15343
8366
14718
23637
9389
3837
17456
19873
26085
12353
17634
25683
1199
9090
5000
14695
5034
22573
11246
15168
25144
20594
30355
9013
11243
25322
5051
25676
23610
16253
23744
30533
14969
15235
4009
10203
4616
10537
22781
18246
10954
15894
12250
26628
9688
19791
14401
1753
4727
22616
8116
17685
20296
15261
10243
6165
3007
31248
21603
4620
32214
27666
27840
10244
8195
21911
19284
6431
2919
10117
10361
23331
16968
28766
22715
12341
32449
16415
12594
18917
22968
872
1551
7531
24081
6620
30580
19760
23585
11211
137
19345
4454
783
31948
6879
30837
27443
6056
20138
21811
23771
23114
12863
20808
30815
19376
14447
15569
5050
22274
6290
18261
24483
27686
15564
17659
26617
3727
25999
21498
29540
18005
9825
30288
1594
10123
8160
29623
3231
25549
6915
6101
28657
6680
27042
8371
7011
22750
12345
29040
13287
1626
31977
23863
1874
8994
20415
7790
30394
6907
30777
20016
24611
6128
27654
28670
19291
2982
31502
26033
24099
25322
1202
24499
23439
6028
4693
7535
12976
5232
31515
4614
24688
8162
29936
16708
10428
16426
14029
26834
27369
20064
4150
18861
5456
11138
6664
9686
31804
19396
25713
17996
6151
3111
17984
7479
28287
1613
12639
22630
11150
22156
12445
30715
11547
2113
29361
15717
1579
7271
1660
1679
15692
24168
11407
26967
18995
31538
25069
9026
5796
3726
2066
12654
1682
6829
20020
9416
19336
7684
16328
1662
1863
15195
7240
24760
433
10272
23604
16259
30181
21760
1879
15885
15020
1209
16459
29720
18964
17705
10559
22441
27738
32427
1528
26368
2573
3492
16150
11981
26993
6745
10905
161
23330
8964
15779
28067
6649
27686
2943
22916
25139
19230
13795
14773
976
32507
12914
21719
29754
2959
2437
5747
8999
19140
29227
19179
5824
10292
28527
22448
4867
15091
21209
17334
20582
12719
18487
9253
1469
17660
20124
16722
18781
9193
17066
2029
3458
3799
24077
6780
15342
5259
20552
5895
13523
9601
21684
25877
13555
29059
27077
8152
26374
17275
3472
28837
9308
20358
9098
28071
10435
10057
26515
20691
15787
18568
4659
6942
8328
31220
4643
30702
10360
27205
32527
29903
28454
17801
10650
24936
238
13500
27811
27565
22594
31640
9158
19542
10316
10414
27430
6031
15060
2998
3178
1521
25957
26148
15622
18865
22955
2556
4540
17431
21792
23270
19298
12082
29672
25989
24805
4043
11000
261
27278
919
11646
12019
21124
16304
16765
11602
28307
21318
18360
28395
26411
658
31442
28132
4012
19980
10675
3220
5088
31198
28974
30870
7881
10648
14560
17436
24222
25637
30555
10630
2576
5118
388
11572
19153
22429
26937
4504
12631
13877
12087
20879
5598
3232
19515
5361
2732
18073
21864
21350
17304
14379
16361
6524
5837
11113
2007
9207
31436
30304
15965
17769
9648
11594
17178
18946
12726
17669
11462
19880
27388
14787
9497
14410
10889
3586
15336
21618
25230
13759
30098
13338
16363
16870
6298
22465
1269
24590
32405
19390
375
611
27719
12243
19447
17379
13577
23813
8250
23758
11629
7595
1802
15191
12581
11206
11062
5280
16417
27024
32731
485
30456
2136
7138
32248
26249
4492
28362
22253
3810
1560
12967
26646
353
2030
16235
12338
28184
16870
9061
6113
8310
457
9479
31835
12068
14504
4588
21090
25390
21875
32538
30069
6755
11719
24196
30535
10494
26886
3539
879
32390
8621
16997
11105
4594
12514
30358
11933
22801
22605
15423
4902
20265
15913
6269
8758
20191
28571
19636
7472
17238
23874
12499
16086
29851
1551
729
23740
29505
17495
20376
15612
26440
28966
22712
29740
17988
20951
7168
24461
13498
993
24529
3973
5838
23284
26867
13904
5147
25925
15765
28402
4835
2598
6542
28784
28264
30425
30697
319
27801
19878
21921
16125
14065
19243
4521
3679
23197
22004
3631
18283
5085
11339
30498
29159
26796
9297
20978
9745
22179
12878
14999
26000
6171
10566
29140
171
17554
27085
8381
23481
20560
29467
30071
10456
12105
2659
32063
27106
8006
27745
24493
20125
23872
15667
24378
17202
18956
10857
17153
17121
16958
29535
3522
17138
11591
19403
9772
18927
2016
19602
21596
1808
28076
26336
14497
32247
26136
3447
8066
6813
30855
2119
22274
16781
19372
9791
26914
12368
21558
16740
24488
16936
22195
18720
29983
27905
16558
18140
22303
2724
7451
4305
24014
16942
10230
7962
23719
9664
17702
14094
28794
22649
24231
24782
28340
20641
28136
23322
23009
2599
13426
361
32623
15694
26571
22584
8885
28067
21658
13218
22836
25906
15627
11313
31772
28665
30325
22004
21266
27549
2619
28113
23600
32604
24048
28957
21837
4163
9918
21354
27263
17825
11272
18080
11743
12731
7502
18768
15500
29377
32593
28484
13555
24577
29816
6235
25165
5979
25715
2452
16744
32501
18206
7272
17067
3888
5800
30813
27989
30938
11508
2776
18437
31653
4159
12594
10879
215
29444
18703
23725
20036
27420
6891
9956
25977
9258
21238
14185
25403
4406
31778
308
29488
24984
12666
30707
11227
15640
31157
19794
26318
2899
267
4986
26906
19041
9543
26839
28683
14516
2078
4383
30226
22083
7103
8080
17411
232
23979
5753
8832
12295
13255
8187
16309
4977
8111
17425
7495
6536
15438
16334
6790
8355
14764
25062
28394
22452
19206
4208
10429
4648
15140
23530
1045
4878
6887
17278
11781
4988
15906
3715
18452
2094
31402
24391
16366
27249
23985
25356
20314
2111
19279
17232
14444
8108
15458
15442
4604
18817
3736
31953
14423
30502
6858
13079
13875
1989
1420
27446
14825
14508
32258
8850
27358
29939
24309
13471
13122
18527
26149
1260
20990
31111
30177
2657
18663
3893
5334
8133
31544
17679
8229
15746
4159
13175
25528
173
28246
11951
3285
9025
25109
8513
10995
18859
17862
26014
13005
18828
15641
25349
14262
19898
22810
29094
20268
31624
14431
18952
21167
32071
30598
936
29652
5644
1503
26339
22165
8884
12901
5653
9707
11302
1267
20995
22175
28376
14260
23926
3164
31637
25820
17449
21770
21885
15509
2277
11863
12621
22332
32491
2454
14816
30670
21138
16845
32246
21149
1329
14345
27445
11336
24639
2549
31341
25833
9145
5803
28960
17296
29636
17866
23618
5617
18836
17609
10301
30809
27532
11915
31288
23015
12455
20787
11929
4344
4886
1593
8392
5091
22059
20670
8246
10727
17269
13852
13983
10337
17197
1218
9100
4162
21456
32063
12571
8129
9486
4508
17922
11341
23011
12015
22738
22726
13828
17709
10361
31724
14972
320
24075
19224
30103
27993
31682
7466
2559
27528
15683
22978
12581
16010
19746
26803
15586
5346
29609
13748
23647
18987
8917
7257
10290
21164
930
20546
14793
1325
26760
5523
21004
14089
18758
23971
21310
24197
11230
7161
4644
12128
7905
26484
17002
26027
10476
15305
578
13019
20851
28467
18766
285
9917
12389
16064
233
25904
8388
15040
13530
9167
24275
30478
28605
10753
5358
13032
30952
21140
24636
20014
19149
8193
9183
8132
8142
26098
7277
2872
16723
11265
18340
6564
19738
11715
29785
6614
25807
7173
3762
2991
31709
853
31893
23241
14211
31685
7776
11356
5418
1515
18395
17507
19190
14636
17771
17914
5787
10043
16776
21259
28274
6364
7792
20265
18636
2030
6173
18876
28038
31400
17013
21343
1501
9251
14274
17030
24196
28184
2913
11108
4084
20460
21694
3852
260
5865
26240
1494
30649
975
1536
26884
11359
24971
14080
16293
4824
31046
28570
29370
20021
1953
18550
3224
643
5951
32064
1933
30951
25733
20825
28614
18926
11933
11469
23664
542
6593
1414
1054
29905
1718
26815
28779
12611
918
14523
5344
19945
14803
29366
19736
32260
32121
4380
1569
9591
25011
24057
5926
24277
30353
18864
3403
10175
5128
6641
28377
10093
22075
1253
14747
17290
12024
3243
8328
30533
12422
12040
19617
8357
30110
15706
9501
14364
19127
28878
25284
9824
31879
3795
29337
11382
28614
12751
27579
4623
26165
2576
7309
3608
5343
11013
29461
7565
28574
14510
17570
15502
19938
2385
14514
13748
19630
3951
23314
31653
4579
8182
6471
16614
21697
26808
12077
16881
20395
11036
18142
30088
32554
3859
20437
5960
21045
8782
20820
16513
12208
22447
15362
837
30002
6909
32473
15295
21259
19675
25407
3014
10630
15099
29811
13490
19307
26767
30251
17263
18888
15104
11900
17104
11505
24291
1785
26661
16070
31017
18719
28175
18996
30869
31217
4499
29695
7028
6367
25966
4286
32136
17900
28584
7207
16965
4880
17772
13708
12096
1243
6423
17830
19172
1628
28303
12690
21350
21569
27094
16153
8700
9023
27615
3636
20042
1461
29088
19407
9757
21644
26984
462
19804
8033
29299
10318
6716
26598
15036
23597
434
11397
28434
24268
10286
1607
29038
17171
27270
24053
18820
27574
29488
31869
920
16055
12213
31382
29075
12845
14946
21415
598
5699
3137
8165
9038
16515
2888
14780
24648
31829
18639
21105
13703
25794
1096
14853
18452
2942
17962
24156
30806
4390
10030
17823
738
4806
6078
2014
9108
4254
15274
3066
28383
12838
11806
3010
21857
2895
16849
9052
1467
18188
4478
28647
8351
23313
29848
350
29483
10458
11322
9151
11125
12272
23645
17261
15207
13672
9549
28883
24013
1196
29022
18251
29100
11646
19162
15166
8149
25401
20031
5004
32443
24922
3239
4654
10370
31040
29320
4122
30552
11568
1693
4198
23560
31900
5412
3761
716
17829
6986
3263
14947
24542
1764
9059
20836
21587
7775
6818
24018
22218
9466
19733
8944
25672
3890
23183
2391
10967
23422
28160
23877
7815
25405
6809
18232
24499
14317
5169
12988
22149
24733
18152
6017
10172
2981
4618
22704
26285
2196
10806
11903
10376
7786
26303
19972
23773
4616
32338
17222
3935
28900
30425
12698
30439
29697
19616
28205
30140
3871
5302
10461
28433
47
7831
5965
5583
29449
22791
22072
6293
3425
32321
29957
20221
30455
19281
24476
19490
12815
18111
6777
31327
22561
23149
1278
9305
3793
17602
5646
3903
18721
9480
18135
2640
10470
10003
8175
6046
5241
4644
7331
4626
21678
16141
22668
29873
20234
14741
15203
10013
12336
4381
5909
29535
6813
7300
27674
2275
11669
13641
18435
12484
30813
11759
29267
5963
11691
1958
23440
20146
11099
11047
666
28461
10851
10464
17467
30763
11017
17489
18686
22232
29012
20150
1349
13799
9664
5350
32662
31376
28213
25723
20790
4820
4922
27699
5369
30984
1383
31638
14424
4241
22296
26073
25284
16365
32361
3075
26426
27635
29534
21070
29720
14427
32353
1232
29999
12672
19186
28506
23577
17253
4762
11425
17100
8694
29728
28827
7280
1681
19200
21036
26734
26309
6937
22530
7114
2138
25766
19646
13490
5777
29807
7764
11351
7340
1089
19636
15099
2481
16283
11178
8779
8556
170
31746
29168
32435
22903
8177
31329
2798
15712
28336
25083
3798
24261
27498
4179
16508
5379
25432
25547
29325
24230
14123
25955
18645
21466
21418
28370
5635
7459
7580
30422
18092
16974
21736
30664
32146
26024
13051
9331
17701
16237
18538
24358
31306
28035
24024
9992
21596
27496
23579
28588
11888
18026
32666
5861
30174
25110
23289
27868
25085
24818
27897
607
22829
1391
19865
12668
10011
7961
13954
5199
26688
22545
27297
24088
20139
30397
16662
19088
9217
26558
22349
6014
11458
9250
11882
15493
20685
18395
14315
21824
11559
27760
5512
29073
29432
7155
4190
16437
14294
28723
2893
18332
6982
12850
29855
8440
25984
3546
31466
27029
883
11755
2359
24168
1033
21560
20067
21994
31404
16915
21446
3111
27401
1286
26387
29969
8724
31684
23423
2331
8268
10078
26150
16387
31040
7354
6570
11759
19538
10818
17693
30396
15035
1497
14881
2963
32463
5907
15949
26301
2178
12709
11219
14776
17196
21530
1376
16778
26761
16072
324
13653
1284
30467
20435
812
4405
2704
8459
20261
17576
10076
11639
26799
1504
23406
18002
10790
7067
4379
12528
30373
856
7033
20826
18972
4375
26390
26681
4002
15456
8937
26613
12812
16006
30088
9501
6846
26157
4764
26122
4801
17418
17554
5567
14870
5354
16020
7700
2378
3318
19128
11540
4427
26677
10359
27043
28026
25682
12128
23396
7169
1952
2573
2521
12391
22875
7511
5836
5218
28465
28614
22510
19180
29696
9547
13247
27032
3042
25394
17837
15399
14695
12370
3456
18006
10273
9607
11765
6139
102
610
32425
10064
10321
31262
30009
9615
5642
19670
10664
447
5959
246
31233
3533
12819
20720
4413
31198
719
8496
21862
6628
15222
4689
253
10607
10277
913
27546
455
23770
6530
17874
30263
28795
7427
19549
19115
26907
18031
13944
30846
15738
18708
25481
13709
4042
13031
3074
29072
1465
29813
31111
15786
25003
9501
2643
21054
16711
22397
984
9989
9526
4650
30885
20829
9767
16548
17805
7396
31511
12425
27142
4678
13519
28424
16335
24659
21166
6809
21974
23381
5288
31979
29272
1696
11919
286
74
23658
16529
23091
27640
18397
14595
28097
13036
1387
861
22249
11025
23906
10373
5515
17688
27840
17488
15802
19995
28744
29766
15214
29824
17877
9125
32377
5153
6127
22697
8893
3497
26524
26379
26779
11585
26744
11207
4527
25709
25352
13859
30138
23344
4428
493
25567
7287
10643
9988
9235
25013
2963
8730
11471
16842
17337
6839
24839
18217
22718
19073
27232
12602
6011
27068
926
25853
20734
17677
18267
20721
16093
24707
22271
18484
458
19415
28140
6379
28264
3059
13561
25060
7262
15794
27170
27514
27561
21991
12414
1977
29750
8864
7281
15811
5040
29100
20514
17522
3479
90
15407
4159
29074
6276
22688
30819
15366
32460
27162
14140
25831
5670
10069
18929
20686
23703
21200
29529
22604
9532
7364
26137
22911
13197
24918
23053
2018
7139
5904
4330
28265
3384
402
3617
22478
26670
31877
1542
4389
18259
29393
18481
15031
23716
22032
10532
6925
18512
10818
12079
10315
19646
31170
1681
15296
976
17785
224
9146
31082
17745
9131
1951
20270
3308
2653
21049
19850
26775
8036
5714
1525
1657
28819
8577
27253
16400
8901
12611
32357
6111
18628
32333
1141
16224
8553
4641
19954
14656
260
6880
3912
27595
27133
12639
24005
14246
6332
17788
15007
26300
1735
9395
20281
1914
10538
20204
16034
2111
28188
3479
12382
9998
15839
251
30826
2439
744
6091
122
4373
32064
9467
22149
16232
25898
2001
1155
16166
8454
6719
5494
25821
4725
22896
27559
15421
16062
31905
19506
30084
22129
28210
17348
18233
24650
23293
18596
6173
2903
19430
15856
1375
27741
32179
15402
6415
10873
27423
17139
17621
24323
15657
14357
29923
11447
5554
22471
20264
21015
26695
31277
29382
15115
21820
21023
19399
21963
15098
2347
20235
12030
29081
23773
12933
6436
25778
8509
30120
25393
32622
19610
19995
25210
7907
28806
19636
21461
32417
17442
20132
22524
21383
9116
3823
3891
2268
10485
27680
6187
21403
16904
13882
30245
4109
26568
6385
8794
7581
23241
30234
19611
11497
2306
17505
3893
13333
209
17978
6679
32100
5439
11546
6455
1033
6022
31974
23089
4922
18896
17324
30001
23431
28482
31121
32020
29290
7481
7434
31434
28703
12755
24399
14335
8117
5042
29965
7418
30054
7932
24411
9669
16164
25510
16624
12942
17268
6387
5011
14157
17023
27191
20946
3751
3430
225
26871
29714
10199
28600
1848
26939
10206
25445
6702
2725
18429
15410
4489
6034
24446
29969
14849
12582
13576
31712
17552
5322
24433
24299
19934
21967
10451
29619
31229
23123
10210
23278
30806
8041
892
1486
995
2164
5250
8326
13215
15828
23015
1547
12091
24261
29446
8471
7187
2691
5177
24180
22112
1203
10663
5239
19119
30974
7261
971
914
8703
28065
21871
16277
22367
7298
14850
9075
18238
2484
3647
23690
24277
19867
10436
18317
9818
13478
13591
28537
5156
21982
16362
30922
6928
30655
22686
19694
30755
14150
27655
6650
881
9547
15471
31388
2109
19985
6877
23120
26721
24348
17815
27095
3825
24386
4069
14310
30235
11525
14104
16923
17489
14112
2251
4660
17579
9056
15977
15235
16006
22453
12783
19613
28786
6537
20467
2387
12875
14160
27366
227
677
28769
21398
21615
877
3844
23286
16813
10702
26828
8482
17889
9554
14631
21918
27912
16970
2611
19678
8534
19311
8147
3852
3811
11977
6403
17413
28578
27088
15208
8357
21394
210
7467
14660
14648
1428
8456
23936
2636
28988
30882
24893
20659
21870
8474
30443
14253
10422
3551
32520
11600
12838
30152
28901
14389
22592
30304
16556
21873
22294
385
26274
29382
8623
18724
27562
22811
29357
7543
7947
6954
20525
28976
22898
23673
1775
30753
28987
1163
24759
5133
17388
12887
6642
955
30978
1017
23197
2120
25073
1704
13923
29889
7014
25320
30725
23538
21455
6400
15359
20600
23325
25007
7785
27422
24520
1819
27
2918
32020
18954
10004
1637
32404
10068
15901
14292
31980
4505
30633
10597
14298
29487
22528
17491
20856
3166
27292
16701
20155
464
26323
18996
320
12099
1975
787
15944
4737
6971
27662
1793
25234
3223
21134
1543
10032
28141
17469
1578
25723
17708
14428
18034
12014
8245
25437
20320
15250
13372
26798
11639
16497
3185
24275
13563
14670
3040
22967
13049
25747
18070
28484
12167
3211
30214
27185
9549
28881
3243
7963
21060
25609
11502
6104
1470
29133
1865
2312
4007
8426
25517
17900
13578
9677
23073
9852
19926
6456
32429
5043
28643
1850
1142
11822
19248
27229
7210
17141
7023
26401
4510
665
21187
23465
27830
11903
25032
6069
6534
12411
16596
20688
23478
20640
7804
9931
4395
32087
22362
19561
2019
22959
6926
10332
27425
1524
25219
624
3019
22147
7028
4359
2064
27868
11566
31429
5709
26361
14999
8332
30514
6367
17775
17323
21281
1138
5846
23634
1750
909
4366
13386
9037
22610
20099
6626
9440
6079
12808
16173
9649
8834
19556
6506
3911
8207
15117
21700
3964
12271
25651
12348
21654
17755
13312
21987
21684
24841
16159
844
9324
7494
28283
5697
8370
16453
6217
20917
28667
18615
10824
28410
7843
10395
18759
20276
23180
8792
2537
24846
4617
31753
9893
3755
31226
32024
22288
18400
16184
27150
11359
31904
26419
29353
5927
7095
9177
17968
31336
27067
7866
16899
28618
17472
32618
28278
8486
9548
12583
15839
23368
31499
11196
16878
15860
10179
17317
19261
11558
15881
17780
10024
26526
19766
24692
28639
26268
21013
9355
8889
27369
8158
5989
28876
23318
21864
9422
32186
22280
12954
28256
205
9397
25123
15967
31815
23080
2922
8673
32499
26827
16584
28210
9216
28133
7670
13686
17679
27746
10945
28304
4747
21459
22021
21571
1593
30901
7384
16279
25616
25078
12806
383
15690
4021
14782
32696
10683
8010
28042
6388
11106
28806
15492
5176
28734
12347
15304
8067
26210
27647
31525
8624
22092
4910
4632
25501
30579
2350
30970
21645
13087
11511
632
28107
2429
31186
2372
31121
19699
9568
9738
16679
10161
24287
422
26191
8073
5033
6036
27617
3072
23805
31911
12723
12965
31490
32254
26555
32161
265
11317
15480
144
5907
9944
19085
16271
29843
15389
2480
27798
30837
12498
18114
3849
606
17556
26431
18825
28982
17986
31705
12816
27364
19633
26208
28733
20824
26529
5861
5612
2255
23792
9247
26122
29522
17934
17166
32168
17792
8625
25053
4941
6286
11722
27149
16529
23948
7607
28112
2535
5610
186
17587
6331
30010
27818
23424
23485
20535
16616
15203
380
32007
5525
3147
310
2237
11010
5779
9710
26146
28008
2018
20416
31157
24794
32592
24434
9968
2423
9418
75
17101
9188
20407
17448
3977
16890
219
17868
9640
8123
13180
17784
28217
17547
18884
29627
4699
17565
6247
24204
1024
13995
21894
13462
1009
12778
28370
21203
18707
26685
2804
20572
11496
12456
14893
31872
344
5640
6713
787
29618
15874
29050
11016
8430
15418
1362
25411
16181
9669
12241
4520
163
30944
30864
22648
4939
11490
13532
17885
25211
32367
29463
8643
32066
19439
13660
19946
17968
5694
16226
27705
20573
31141
31651
16214
3500
13066
15293
31091
12881
1379
22552
28011
29073
4977
29385
22029
30665
426
25014
10167
17842
29815
1019
8232
20707
16031
1677
2191
3480
21507
23581
24039
17841
21645
27712
21383
24830
17251
15820
25589
697
15968
8325
25596
8276
18884
6649
19454
30070
1066
6568
11147
31040
22203
14440
31537
14548
30114
1800
16534
15128
17599
12340
14533
20919
29856
29080
31942
31593
27565
12361
21617
15221
20386
11360
11139
2676
17219
6120
23794
17495
11339
5370
18558
14251
5541
24358
26249
14876
478
9237
20008
26168
16859
20333
24954
26230
9159
19957
5177
29047
3664
3066
142
23435
23571
13041
15914
24951
2900
27229
12178
4214
5619
8179
14778
28541
1435
6908
6614
19907
6205
24316
19821
23169
2237
8593
16559
27126
20459
22429
14088
2991
29108
7591
8693
22021
10906
32639
23063
2791
4449
25377
28294
31194
267
6876
32359
17213
24327
25268
20673
24786
4518
19716
7820
6010
15054
25192
17163
13888
2802
30937
18012
18073
16449
1562
30286
4586
9758
29012
370
8267
10449
10237
18549
5259
20860
31229
22956
2420
15952
276
19185
21584
27392
6006
26030
20652
23926
8633
22839
6491
2758
12273
26461
21182
2144
14874
16192
27203
23945
31670
31332
28460
2316
12982
28679
26770
3884
17822
21170
19625
9182
5349
19471
32069
17717
31642
2810
28061
23070
17230
30682
21839
10573
3885
818
5285
15479
622
17011
11799
962
9710
20245
30993
19834
20759
7141
29174
26117
6663
13473
19300
29721
4334
7106
9402
25900
19128
15001
2519
32300
32493
6045
8229
25713
15573
18180
9431
13040
31711
18832
8302
28593
2883
19884
29570
30083
9447
1719
8383
9710
10112
3744
30766
30569
15353
1459
1973
13261
27160
25778
29922
31498
24671
13608
9188
24088
29488
9210
20442
9777
5941
8767
30801
7230
23295
2129
18439
25743
9197
28452
22773
17102
12880
13271
31117
23094
12492
22921
22337
15872
21250
15726
12868
26142
18283
20770
32404
23596
135
20285
5688
13476
6456
7719
24774
10321
22632
21806
5161
25094
6130
6101
29345
21647
4800
15215
10763
11496
24113
27373
14435
13485
4797
15605
31111
14546
26587
28724
16958
18580
18210
16884
11384
24751
6831
4849
30936
22226
23240
20072
10607
6480
7870
18290
14795
5912
13592
144
6192
25575
1773
4487
17445
27836
19090
8046
13874
20621
18806
6917
29929
12600
15689
14664
31523
4284
2148
23108
21388
3753
19813
21034
3426
6613
10777
18594
28281
27217
6560
8801
1667
22427
16843
10494
1934
24341
12233
25857
1998
28342
18435
24126
4253
18432
27972
13921
7872
3890
8989
20937
30700
23230
12168
666
31112
22269
32715
27149
17589
21026
21663
1035
27532
17517
31122
4347
934
10401
2986
20952
16866
14519
4939
19078
866
25300
30042
32358
26583
2681
32675
23336
24831
27129
5240
17888
23404
10289
14747
32348
25734
30323
3679
19637
29139
19139
27913
11557
11638
2630
15228
28184
27638
14327
12054
29830
12097
31644
2005
6783
23281
5369
1726
23560
32205
3907
9087
17957
21651
18647
17747
23607
27125
9004
806
26504
30689
28422
12026
25893
28165
26861
12425
1516
16787
23006
29483
29925
27201
12352
27387
22486
12437
9497
30005
15889
12639
16770
6115
29073
14983
22617
25785
24133
25864
18485
829
940
4157
6559
9771
9378
8796
19839
28695
10618
12864
28628
2900
26700
32363
17064
30997
18320
21835
5444
23506
28396
21180
7072
16621
31307
5839
23069
11670
25391
22985
31094
29420
5192
367
5876
3428
23365
7041
25826
4975
11498
24965
12097
30551
28515
10693
6333
8298
16088
27035
9183
8027
24641
11500
23683
485
22140
9971
13709
2481
19868
16448
28376
19066
20613
17920
5999
29551
31926
7806
0
18393
10341
9962
12685
2813
11985
7770
15461
25412
22228
16910
29523
30873
1975
32504
26389
21011
16459
23675
13839
14036
1077
1140
1089
5681
13194
3191
12151
15123
156
25691
5055
20124
30739
3576
29728
28174
20287
559
23433
22505
27820
26411
2568
29780
24311
31719
16956
15550
13793
23792
2829
18117
29090
1645
14746
30295
31872
14172
22387
6935
25247
6686
14601
32002
15387
22070
22627
7250
32084
28494
18450
10402
8585
5498
21094
29524
25513
19137
6370
24880
31077
474
18414
8013
1162
6707
13004
7989
11918
23864
27597
7748
8808
24785
11461
15441
22693
29484
9148
26001
27065
29630
30694
5047
23187
15748
6870
10848
6004
1679
14830
29359
4352
22719
25626
31284
12182
1999
14270
22803
4317
18577
11500
9058
17311
19835
20443
2514
30171
3171
32660
28050
18709
4487
1263
27504
16625
976
5566
8770
0
15960
6216
14468
18138
9001
15097
25922
26989
2888
13399
57
11924
30706
16184
23865
19948
26917
10034
30413
32739
32098
31060
11294
21521
16050
11539
5653
16844
16615
22919
14272
9974
29988
19160
3575
10522
22175
3059
16959
11447
21670
14465
1262
22236
7648
11033
21136
19701
12502
23476
10378
9957
21937
610
27901
18261
25925
21052
3565
3659
335
24730
7075
6654
8699
3206
25167
2537
7338
31344
18162
30750
2033
30755
27515
7389
8421
23799
24112
20581
5526
14920
22608
24330
22745
28712
20471
25480
25419
31313
24897
7063
1426
2397
21170
27327
12262
15418
14550
32622
21201
3544
32036
20040
15666
19236
19496
22462
7048
9530
12002
27618
31853
13270
21353
24697
32353
31756
18643
27986
2761
20282
12889
8919
16951
5690
13751
12002
32236
23772
10450
25554
2716
12691
17053
13789
113
11630
21309
8872
23634
14410
18284
14100
15972
23879
31515
10075
29137
17272
8027
11613
8649
7903
14205
8500
24519
11672
29048
14
24342
5460
23948
21820
2451
13577
18725
14726
20916
16104
16642
23746
26057
11920
32406
19877
10370
28545
17583
29656
4786
18387
28501
28750
25170
23336
15093
22486
15049
23007
1727
31724
6763
12426
5708
13781
18751
19362
5764
26603
9477
17274
27071
10549
28279
1138
32554
20282
31696
18285
14701
18967
29835
28293
10378
1744
31341
6653
6920
19428
25541
2422
19026
17444
27379
7526
9818
11204
30503
3271
1153
21427
25195
8972
13755
28456
24804
6745
18414
24446
27988
26099
30364
29249
24292
246
3778
17801
3105
5446
18944
18054
8004
3783
25849
32349
32694
28369
29949
8498
29907
29662
16614
4998
26095
27014
8511
22980
23446
13486
11180
9750
9752
28668
11653
30845
19781
11406
14789
1313
11638
10987
20003
21734
26061
8249
21374
21567
31677
23473
32126
17479
22476
24657
19833
16910
32663
18128
15507
22576
12567
31703
20778
20141
17188
11886
9073
11508
28471
693
5466
8769
26740
23764
16826
18473
25576
22580
26280
29556
30223
16112
20261
1834
27033
5510
3
32240
29549
3795
11263
7573
26607
31806
13105
2281
21886
3635
12710
9166
10305
30931
24907
32145
15140
20713
21260
13690
31261
13600
17214
3489
31156
6004
3386
8196
10178
15079
587
27095
31097
14709
10187
8475
15012
9801
8328
2162
25136
8241
17773
13618
4076
26704
12638
31672
6029
20755
17507
30207
15605
6502
25097
22641
1461
2087
28421
2300
17360
23514
21019
11369
15810
25247
31806
7657
6080
20066
15353
1265
25154
6482
24589
32072
29119
3732
27996
1375
25527
19256
27653
9952
29943
19308
4049
3465
3353
22511
16334
59
9034
26569
16697
28750
24656
19002
2465
4904
8651
11504
31818
14862
17082
21116
5840
23609
19778
3335
20748
1837
31147
20801
13371
10566
7852
30107
27997
27284
30440
29110
24284
2025
24504
12827
30062
25647
29995
21548
17468
17407
12107
24155
11332
26480
25762
18585
4860
30253
22013
26897
27704
29131
10096
6423
6989
8793
27290
9819
28535
12600
7722
25699
16248
26157
18082
29240
26754
15028
1116
2143
13399
14231
19146
25354
27311
20672
7425
7312
4570
13131
29561
3099
8870
14816
12046
31904
13187
31552
15691
20501
24293
10013
20968
25310
26858
9519
22929
17288
26685
10884
2538
4793
30266
14616
13007
8039
10835
15781
13536
4937
25778
16316
16701
17291
11295
22549
18062
31174
8997
24868
12103
18735
22640
5612
21802
17423
30330
4888
19981
9587
5735
28232
30173
17188
14893
22441
23011
23513
12791
31176
26950
5548
28876
2984
3793
16587
5227
18706
6135
12912
9338
17708
3348
19475
19680
19277
24310
734
6000
16912
3484
31585
26823
17575
11325
3463
17527
26226
26253
17608
7269
21712
27451
12449
12143
19254
24510
6465
15186
3454
16721
27782
1483
23681
22332
30503
253
6375
6742
15923
3859
2110
13768
3258
10534
28746
1299
2505
28001
31900
13141
27292
22627
8806
24520
5392
11748
30350
27531
18007
21660
10753
21669
4591
10592
8266
16967
19669
3471
21603
9809
14582
13484
32715
6168
1254
30028
14296
19558
29652
8499
30031
20163
16830
10426
14898
24563
6113
3444
18905
7616
9588
26640
10052
22522
12437
1409
19888
14011
13188
24413
22376
5615
23055
29571
1758
14868
29517
16129
26106
16959
11151
24629
28594
31584
8852
9266
30683
30918
12796
868
17727
5606
30719
20856
4591
17752
31327
9334
26075
20770
30107
14128
32671
28729
11366
19168
16288
21829
19287
19469
18776
6821
13538
16046
20206
12211
18823
13714
15114
11081
73
22783
11495
10116
25442
16538
31402
2759
17717
9350
11762
25091
16772
10704
11952
12342
24291
19979
4153
22322
25709
13879
13465
32160
14261
25832
14890
5700
22272
7076
26470
27779
17329
27532
2298
23074
28932
14654
30235
2640
2815
14331
12061
28135
10662
8197
19010
17647
17519
9291
8912
24932
31221
27464
32358
1848
32752
3881
7311
3484
20325
26926
25752
9596
24858
11346
9631
26952
3661
4910
7405
6650
27045
9499
13958
11605
9321
22167
15357
4458
21488
2282
25997
18785
11097
11529
358
18294
32124
3514
9541
10306
6943
1273
7751
13116
24942
8346
4863
17535
3237
31281
3014
974
8976
17967
21842
3285
3125
24141
29067
27825
10320
19246
2713
6323
31743
4415
7234
16993
17471
17635
18291
11454
1687
10701
1052
26316
29075
25004
9537
3918
8564
28174
25423
1490
7462
2430
24748
11503
8050
7152
23697
8652
117
20064
2076
3297
21329
437
12705
28674
3106
11499
14914
5529
16948
26225
2495
1331
25203
7376
29839
8510
26146
17038
18479
21008
25040
29010
29114
25132
136
18504
29370
28609
16201
2503
6205
6004
31925
15410
10284
15455
12557
21020
30937
4442
25181
7599
9943
18297
10484
4942
23822
1494
22551
8057
25358
3728
7927
5105
26020
13587
13792
28701
11691
2458
27570
2221
14629
24051
10133
21117
27275
1922
13033
21692
16993
649
24444
1613
22284
23207
24064
6765
32488
31902
22716
151
24726
21849
9857
7076
23955
25133
10720
29751
2831
5727
12442
27224
11516
14822
26456
10847
26469
9587
13724
26900
6657
32687
5624
11028
6664
24515
15998
7031
15941
31006
11639
13743
29037
13426
28248
18099
16047
23040
10993
2398
3212
12566
23784
25105
31209
14550
13158
32160
4450
24120
272
22380
18146
21331
17977
27340
29552
27608
11093
5042
17228
8927
32689
25227
19003
11750
4194
26470
12831
16662
27516
14425
14282
26825
25476
14112
27156
7242
26407
23048
24363
28123
299
31756
21547
31741
5287
30781
27375
2027
10607
5223
31270
21864
23763
32497
9129
14266
19081
25605
9484
28663
487
24049
5746
16511
23381
17613
2982
22986
16899
8542
19304
1124
17879
18235
4357
11317
2474
23086
3115
12550
25011
17117
4858
8257
13891
22186
14942
15352
32435
14039
18589
29481
26779
10990
13868
12097
32581
31328
12487
6878
26466
2412
21696
17881
763
15682
4248
19076
4522
27497
26316
22576
8457
22622
497
18163
24939
2430
20227
6312
13002
28197
4603
2870
32257
9240
10399
8214
11835
23328
28574
15631
24236
7160
32220
19012
4223
30313
10763
29041
32015
23220
3707
25202
22617
8752
32563
16645
6066
2868
9792
8144
4277
11319
14925
11430
1152
8758
884
29190
27424
32343
8788
20964
4937
14027
19812
7596
27210
7928
30854
28549
65
10968
6880
10451
7307
412
1767
14847
30335
9110
2236
6010
26204
10069
16060
32767
8831
21010
24659
30745
23770
3915
26384
7910
21665
2989
19967
16410
12358
30519
23347
18246
13224
12957
10146
30811
9864
27626
22838
4458
32572
28266
17184
14765
9639
10695
24688
25035
25192
13426
23778
31064
20050
19780
8187
7579
22044
8294
3669
9621
9818
21358
30008
12094
5036
7370
21609
4626
21302
27234
31303
23244
5968
23417
9747
13426
25726
4564
9360
25233
12962
7711
6860
12490
11888
2956
29501
31629
12067
20157
8463
13861
13422
7140
11709
4597
182
26665
17631
11009
9086
6732
12867
23984
2083
11915
1598
10704
23753
20934
21572
18138
26005
14305
16311
19831
4125
12650
19197
6724
23324
17531
7381
19922
26219
19682
12267
3570
16172
26496
8362
27695
15432
11503
3409
5531
32541
32616
15433
12239
27760
28643
31926
1837
12713
32383
30028
29288
10815
14885
21859
3911
14705
872
7246
15525
27703
30384
27369
30141
30584
16792
4978
29348
26237
26516
23450
12823
3494
14807
9435
20599
5467
1652
28427
20498
12614
17091
26930
13988
22463
13574
1177
9246
3464
24908
15907
18085
6587
15766
4576
20446
13824
28985
19680
20329
3843
9091
12613
5803
10534
7585
8348
2513
32115
17344
16494
529
25300
10611
19729
9523
6022
17749
3780
22097
32459
2031
9468
9179
26335
23004
7160
22237
27438
17706
155
1925
18116
19972
26235
23264
11013
16014
5174
19940
28318
27153
18949
12723
10427
11096
22163
15646
3195
8794
28175
22376
6304
29977
30591
77
28556
6089
17496
31043
27497
24629
26188
5120
17063
26719
5988
19004
20651
1126
26702
696
22213
20397
10488
10111
18787
5434
16222
29036
32133
5980
24736
3308
19057
31377
24663
31749
29608
22438
2601
22936
28440
14624
14747
25059
23443
2011
9255
25673
15232
10993
2447
598
18385
24285
15984
24574
28469
2017
17690
10533
21902
933
26783
4197
26533
15904
3626
11019
22300
3515
12434
20066
4773
6836
14895
21045
3698
21953
12525
23695
28909
16887
26782
6853
30632
5609
12181
2998
10391
30740
10608
16210
9085
23163
19509
12121
10148
14734
13217
5477
8657
16976
16060
25131
22135
9145
11185
14846
31787
3929
9693
6805
23128
11583
31270
3597
16436
1817
25998
3889
26610
11933
12807
762
6714
8999
5514
27474
9686
15011
1891
14109
32686
4525
32719
21370
7926
18167
21960
25158
27046
1515
12064
14819
17706
9362
14029
4663
8027
22709
3460
759
943
18498
10377
14117
4268
30960
4805
31191
24995
25382
17433
59
16538
11290
754
5336
13450
19254
1053
2070
16331
7871
15581
2561
25292
13240
6971
20810
14087
17668
6302
13198
13876
13772
23195
4827
445
2848
22030
17521
15987
10465
10346
21701
22655
21982
6989
19660
17307
19261
1624
23669
2946
21277
829
3704
18596
14969
10265
26958
19743
6735
15365
8576
7659
15362
6631
16677
3156
7422
13711
26790
942
21914
30463
3269
24388
26434
24585
21982
23697
13781
12320
1132
32179
12364
31336
32462
28700
27805
25103
27724
19339
15070
28896
341
15674
29614
15381
24842
29529
1489
19309
14337
23740
1818
30335
29762
4305
19598
11342
16022
29652
19910
22813
6402
27462
22421
24197
18062
13979
20971
20932
24650
16435
7417
29784
15251
31371
18838
6861
1427
7605
12514
30163
14343
22789
12073
29075
19269
19726
1546
8003
18813
25036
10712
23800
10047
19747
32320
12220
1341
23944
17964
993
16211
23807
19176
18325
27844
8261
32387
5046
13767
5710
7545
22247
8770
27634
5006
14051
17877
6115
10237
7185
27930
25314
13522
7001
12331
16434
28053
12855
3685
2637
31016
2317
30572
30679
25330
12222
25967
23760
10046
2168
27822
3085
24285
21713
25657
27881
19987
6422
3066
6456
23217
18911
21493
6012
11646
30695
10447
1372
731
28187
27021
18001
28327
30193
27295
2723
5985
13819
10781
17044
11404
24252
6480
20954
7256
6586
8052
5971
19582
28372
14780
7413
23148
5078
23703
1028
9890
23115
31282
391
12124
12179
21054
32508
32369
25397
28403
13131
11899
10102
29525
18425
19256
42
7862
24222
4400
5066
10620
2713
20632
4807
24356
4866
30583
10526
6535
4320
1799
11821
348
15772
30814
1732
14335
1462
21581
28032
20081
13239
649
5460
11679
18279
5128
23145
21479
19775
3246
29992
3032
18977
28713
25493
57
3911
5658
31966
20813
2682
2421
25395
3926
26244
30506
18393
15960
4071
28677
13690
18207
29135
466
21696
31107
32582
27590
24354
1003
23719
29210
13309
1040
15701
5369
17382
5380
18860
11932
17983
32370
8504
15540
27912
26919
19749
22792
2808
15569
14071
9567
24524
2823
30588
11936
32480
11146
4606
2872
1020
28107
28604
14524
2672
941
12188
31951
6755
2443
7706
19783
104
20349
27012
907
17234
18391
26217
24383
11338
16115
30799
7204
5406
16433
29348
7993
28892
19515
1527
32551
17056
17550
3432
27611
30378
12342
20573
14709
20915
15832
3191
4705
27265
9974
23493
5315
25018
22639
19255
24345
19446
1093
13653
20508
535
163
13616
32230
19421
6175
17817
10330
6325
12092
24722
10945
15058
25395
13058
12465
22655
1523
14509
12851
1972
7014
21602
31524
18407
15350
14454
16860
20004
80
13170
4366
22368
23143
13577
2287
29963
32700
8013
15259
2020
18654
14370
10420
23825
10796
20210
7244
8559
10722
27298
29957
7975
30548
5061
5494
31106
1908
3856
1233
23294
23194
7182
707
18849
20357
3093
4764
5517
10141
17785
16816
5589
8314
1791
11517
10127
18090
32661
2574
9002
26031
3648
14111
15362
14664
15957
5761
32306
17394
21484
14656
24233
28333
31890
7428
4481
22019
30782
309
6796
26695
20103
5986
19503
14619
25619
4836
10355
11828
1107
23486
22617
26978
13165
26824
11630
5066
23674
1293
24992
28278
12274
1137
2384
19473
18020
11159
27560
22507
23403
20225
13615
20036
13533
28025
14490
2502
2629
18864
12774
2643
148
18214
16291
22785
3603
3657
1683
28003
23196
15329
13171
30731
28682
8107
20249
13900
20206
20036
6335
13125
15236
2633
23199
6682
22245
18621
27840
32133
22653
21675
23055
14478
31680
22028
23473
19606
30233
16362
7832
24730
2339
27078
1876
17846
1308
22584
26668
9448
20375
30933
23918
14871
17008
21845
17411
16468
30469
502
32326
29535
20899
19227
31511
19053
24895
26169
13098
20520
26471
10739
4261
15352
7288
4484
29931
12417
1040
3934
20658
17261
26054
29456
604
12907
15897
26221
28292
26999
15271
17899
1751
15965
7328
22601
13093
1400
121
10613
20663
25536
485
3244
15332
516
11521
2531
6111
1395
9678
14950
18643
29025
4837
22719
21554
22088
8294
2009
6986
29197
12082
5477
9241
9605
1114
15229
25698
25400
3287
9607
17152
31589
2427
15453
17275
26950
14119
32171
4057
1428
18239
25240
21686
16974
15451
6568
9111
21431
32575
6112
20348
27294
16398
17708
30644
25569
30650
18431
13557
4404
7615
13369
7340
32543
26129
8525
3730
23622
6994
27555
128
26093
26953
9531
15492
32187
11152
31124
17716
19646
5260
2252
21570
6064
16546
32264
10065
10361
2472
25878
3847
28916
11930
849
29796
19190
9103
14277
18514
31117
7659
9876
4477
20357
12501
13209
3172
7985
3564
4170
4529
22376
15925
24803
14021
29133
26456
15553
23704
5715
28941
3595
8384
6145
7889
5272
25807
12019
29149
4109
24546
5026
26456
21830
28279
24421
26316
21240
5247
22071
29911
18836
26037
32186
32291
14958
18477
9596
20119
21022
17712
17529
2255
21030
23623
20450
12746
15830
3222
28445
9443
20077
2155
12557
1027
29313
18199
9875
30740
23713
26877
1621
21945
25912
8680
15806
31292
17332
7586
4934
29896
25320
4802
15859
20440
21679
30661
5663
3823
10451
3680
17277
13450
11053
14613
3159
25682
19725
20229
10777
30103
15836
25093
18195
2554
30463
10995
2427
31849
16127
4171
20401
15441
26599
31477
455
26894
19694
28001
7233
16807
21334
4310
22553
15544
29332
11527
5127
23727
1969
15848
25343
5179
30704
7103
25594
20226
26289
27006
18169
29331
661
15696
9031
27547
11747
14194
767
7003
1579
31556
18383
14681
3881
16032
19707
32086
1259
25450
27301
9601
6454
20328
15947
11498
8231
30292
23697
17977
28694
18992
20545
28320
30911
1498
2704
11534
21924
1504
10403
20902
24493
9109
12881
18799
530
18021
13867
23117
22138
8037
26297
23344
19557
17198
7431
15499
24519
5612
25696
29960
8949
15794
29530
9850
8133
3857
13843
3858
21489
10216
19897
6871
19645
11389
10576
10576
9690
23245
7087
23427
28553
26657
4812
32292
16388
23778
21562
25606
29721
25262
25328
17621
25368
14507
29260
29703
2543
16924
2648
1040
29076
25394
16715
10709
21667
8228
11859
29796
18505
12930
31121
11490
27744
2246
11621
29380
26331
25644
11501
26691
11877
2243
29640
777
26693
13252
800
21809
23941
19491
8167
25198
19283
357
18016
21898
4775
19633
30434
10771
2854
2089
16345
7761
32071
4219
10509
378
1972
9394
25639
12841
29683
30803
26225
24845
15941
11173
20445
27614
21710
7760
17225
25750
20983
20521
5121
6365
13841
17485
27781
11717
25659
6765
21133
9143
26245
21096
11339
22190
15701
28191
10992
20130
15882
25989
15985
29768
17632
8437
30347
32248
15891
28105
29957
10478
19016
8488
21813
4790
552
23839
11461
18146
7502
11251
2487
21758
99
26038
4519
710
30343
5145
9808
28310
6643
18561
13138
13857
12253
6237
2355
30054
31644
13238
27043
12768
19725
18951
10500
1533
20021
12624
2345
8402
21544
870
12638
28173
14121
9613
26537
31275
30226
28232
28496
26347
10487
23920
12443
1026
1798
6788
3547
24592
945
11584
2475
26067
18192
9329
8822
22938
1408
7943
1850
19197
31377
27500
2443
20172
2847
12564
28890
5445
21182
22614
4855
12426
8284
9338
21973
8018
9761
13331
32398
28638
24730
23439
29094
3887
30999
3596
18580
6262
10065
18541
24702
14540
22096
12973
17989
31523
4236
27508
9153
4220
30547
12776
4686
26715
18794
25030
30343
11640
15607
30129
18769
31416
12446
970
29212
23643
30699
26752
5733
29047
18160
5034
639
16805
303
11219
3988
6906
28602
31700
10983
3129
8856
24233
25179
20294
363
7549
6713
14302
20304
29703
20526
31366
9735
12057
3987
24513
11348
6518
31473
14214
2980
10981
3781
8433
26868
11651
384
31289
25839
19805
25810
3298
26454
17982
27688
18996
14757
9158
31860
11243
13556
18364
26924
3376
1819
10917
661
4040
21273
2710
22849
24972
12471
31814
23254
30233
20328
4711
11282
2248
16500
3895
25612
31457
11349
21586
3261
25099
30561
1226
3262
23303
6570
3449
24147
29854
11811
1942
14249
18136
32004
10631
2140
2671
1391
14838
28732
17539
19027
14631
4945
23183
26257
13449
28445
8860
11357
30859
5408
17333
21479
5296
28322
31386
32059
26086
28076
5817
2406
6932
20312
17241
3803
26610
21322
28953
27925
23069
3199
29593
17277
1131
12102
10103
20365
29819
139
13437
30262
9873
19035
16408
31871
27553
31141
9228
13168
30122
18750
32103
6958
32326
7720
10163
16743
15230
30996
30832
24304
5858
8485
20162
30893
23258
27639
19302
1970
18999
18144
17642
27815
22029
25974
19486
12913
26053
14673
21702
25615
25966
5906
22161
31169
3668
11427
31311
8560
7636
11457
10078
26186
28270
21432
1381
31661
10012
10606
17989
12102
29922
9379
19533
18042
679
4983
174
19204
9027
27949
28206
2784
25049
28974
29728
20328
27751
14161
9619
4030
3227
5465
10442
8809
8937
32192
10988
12867
22490
15283
15357
31378
30631
12381
9997
3701
11270
30056
6831
12162
2116
2241
13741
30637
7060
26012
19450
23147
32167
11961
30696
16664
2428
19941
19355
18070
14970
11459
14014
22072
24508
27340
29812
12766
6572
13461
5522
9057
21971
8272
31499
23857
15599
13206
21676
20028
18246
30308
30729
27922
27451
14179
9143
15943
6687
25964
699
6681
32585
8779
1091
30035
13673
29379
23444
12658
26137
12243
15428
14341
1973
7480
9897
25946
11629
18739
22673
1622
7576
6540
13875
28069
8779
10711
16230
25620
18475
24310
25873
30778
32639
21471
21219
29022
21386
928
324
27029
11287
21664
9099
21291
19797
26919
18033
27972
2533
22816
12997
27587
23346
14622
26722
22123
21505
4766
17759
25412
8521
12684
11653
20545
3396
27400
17926
31
14534
16745
6507
24208
32462
2434
14287
20377
13914
29989
10059
11833
18048
9958
14513
7755
16571
13089
5245
13741
30083
12863
5128
16546
14112
18484
15103
9589
16063
17740
25876
11104
26566
17448
31731
10411
13669
26883
18808
23576
22125
9787
14879
30079
7014
10764
9148
4534
4828
22942
25708
11699
16377
32066
28107
21749
8025
504
4199
3872
28185
29750
7029
20711
26417
6116
9411
29742
27396
16811
3310
31600
17718
21871
5077
9311
1214
3610
4429
3531
6716
29340
9751
29893
12428
7216
30991
19716
29595
12768
21669
14472
14713
15691
14481
8828
16816
15526
13251
353
32469
5633
6809
1129
7772
20427
27989
12321
17072
12953
718
11859
9092
14371
19302
21803
2147
27535
16443
10648
20879
7923
21154
24821
776
6677
28625
9705
1515
9845
27867
9356
5117
7309
28386
8651
392
22103
9095
8717
22886
11024
23974
25367
32603
22588
27201
11564
19624
31722
12729
16249
23260
1081
31044
23473
28910
14363
22683
13557
18057
15705
14323
17910
4519
16343
27183
21085
4705
7706
14164
5995
4357
16135
27453
28636
618
29933
15504
28434
18048
4550
8176
14191
13611
4282
23412
4099
27986
30949
28248
32103
6707
23898
8435
25064
8953
7784
20713
26856
30864
20508
19874
16770
30136
27142
22779
27757
1368
9280
8251
8483
789
9645
16712
3650
2596
26495
12315
31026
9820
29180
4209
264
7056
22145
22467
2218
14107
2759
19321
3124
24508
2405
12123
26011
22437
23446
14408
17553
25806
28733
5930
23976
21391
25638
12329
5305
1902
8079
21023
9863
3638
27879
588
5536
26953
27861
12364
24196
310
2940
26181
14089
30606
23294
18789
23806
19188
30526
32396
14351
372
22251
18245
21224
19734
11706
27387
28574
24242
17394
16490
15178
23301
26414
27475
25847
9733
22622
8820
7102
30834
23312
4535
14383
29614
18926
11434
5363
10190
21639
1327
23216
16369
19026
31349
17197
18640
5871
21542
6071
17815
21425
7650
28355
1780
4698
22253
27860
30829
17701
18980
3231
22518
26634
8758
12909
3011
20285
3600
3778
2651
16120
2457
5180
2286
12410
7840
1213
25576
26704
12818
22989
30150
16851
12657
3129
20520
21490
13441
32512
2856
21297
26437
4464
7915
21746
20521
7309
31605
22515
18049
24498
21186
13849
11570
8315
18706
25452
17839
481
32644
7778
12072
22183
11494
30048
26110
29430
14540
17790
22393
16708
3295
5771
23997
7802
4216
30801
14330
16725
622
17689
21220
12556
9516
28018
30051
3892
28934
12591
9611
14561
16589
27055
22990
783
11424
18785
19056
5696
1798
13446
30524
11622
12346
5945
13686
15362
13254
23725
23056
16270
25683
27575
21536
16409
27072
19596
19346
17457
30065
23499
6170
15365
4330
11966
9325
10187
15004
3293
4529
32096
17662
8851
12082
4398
11232
20805
6742
1619
21501
16529
6867
2560
26831
5331
3871
24094
19623
28398
32041
30520
20220
6473
6982
12693
7427
1559
25966
24996
8321
732
4776
17310
16606
17708
32451
3686
14970
13494
23623
11700
68
5762
17067
26482
23432
32119
27848
28774
15880
9248
15246
13330
31311
5040
20726
21464
22082
15427
22327
8546
11256
25190
18493
6209
3275
1498
18775
6868
6831
9621
28464
30316
3011
1290
32256
29357
3110
22186
31235
28728
29196
28587
7211
23175
30737
26888
32530
28951
29133
20937
6194
11213
11944
22148
20824
16019
32495
548
22102
66
3880
31721
27384
14532
3491
26288
23866
6778
20050
17781
26552
27355
24794
2326
6246
7774
19690
11097
3969
27546
26828
31537
10950
6572
32314
32317
28897
3546
12658
2962
20776
23670
24205
954
2953
24836
24844
18940
21697
8607
31156
25310
2767
408
18076
23529
3497
1889
388
24748
4141
14761
30824
8452
30042
22473
29781
27802
3520
29023
636
10156
18741
8504
21381
32017
12490
28532
9509
29047
15614
7908
27123
15344
23601
27063
9079
1965
15707
29014
8836
776
13053
25996
8648
24520
16984
9962
28322
10401
13022
26730
5171
4091
12774
5202
15544
7157
24227
30811
15639
21416
21079
32019
32439
20912
30916
27776
15253
24553
19683
3078
16533
118
19929
3466
10774
2056
16423
7128
20168
11612
3873
1602
19650
12806
25249
20362
27855
2158
15612
9219
20489
6936
13621
31474
7082
6440
8561
26426
5918
27685
17835
23353
28765
15101
23209
25581
6775
7753
303
8027
31344
27091
30066
29233
22095
12117
5839
16554
14962
24196
6077
11954
18724
9805
27137
11083
10354
31583
15137
19247
570
26601
5402
14006
19076
2213
30549
12027
16405
23317
31704
28218
23362
16653
23738
26493
7939
23921
28121
10616
72
11840
24271
26801
22416
2001
22817
29924
4279
21853
20154
7589
3343
17086
3224
19015
27571
13174
26054
18685
11288
10995
2698
6463
24293
2578
24543
13679
22789
17889
27429
8125
7418
31657
9752
13896
28276
1580
20223
4741
17442
30763
2341
30693
3016
8235
24973
5554
29842
31097
3042
8250
13224
11884
27565
1328
30466
4074
15819
16207
31358
9773
30237
3392
29487
16071
9601
4030
17656
7140
31745
4856
13914
10448
15179
1847
5771
22457
11617
27840
2504
3253
29586
14076
28651
14855
16809
27350
6464
4510
22884
31845
15765
28638
23080
12235
27024
25507
14578
349
22086
30595
29841
22788
24328
8276
23059
3298
2432
29934
28029
30521
21502
4914
19135
9097
15884
22092
4838
22265
16200
16948
14740
30712
8307
18555
18093
6436
27333
19012
24660
11115
24963
31633
12566
7024
14804
3008
32356
24112
1233
14165
839
12517
32731
9977
25423
4139
16177
16323
18893
10849
26305
18615
2369
20818
25919
2444
20246
12052
25973
18099
16269
16945
27098
16020
3576
25861
18021
3099
25896
25703
27811
4723
13352
27020
15880
22033
13100
15143
22659
26357
13508
6613
4436
16428
5973
15289
4642
16538
27338
11107
19528
8438
7815
3575
13937
2838
19358
5259
2148
13933
28486
7376
26913
11730
10633
17653
17196
8834
21564
30408
13097
28777
1588
11807
17577
14237
22199
32374
28996
12076
30001
7129
5608
5399
26920
27397
21104
24478
3698
23754
1912
5054
8614
6323
26224
25849
28880
15081
18416
597
1129
10581
15435
13479
21638
17413
2663
12817
24143
29905
4300
19146
11699
25150
15610
21277
12122
18850
3328
28341
24283
17545
20298
8471
9520
32088
5307
18288
31591
5936
2300
24465
9625
19733
9491
16440
6688
3152
28727
9873
26885
3601
17122
15612
14264
13401
16425
32529
9476
11799
31049
7905
10561
9874
28546
20351
18124
1030
26664
6336
7860
31122
18167
6206
15798
28753
25255
21411
13676
3016
1984
36
21953
19840
7600
25419
6824
7155
8730
12538
8718
12461
28274
2733
15884
12715
31687
1023
30562
31239
6367
20592
5153
21975
18057
32357
30375
13650
11823
25456
26832
6964
26283
7634
10091
19044
31579
20286
16875
30420
27000
29920
8799
32169
1955
158
20901
26781
3009
6046
19418
16545
8969
6664
30996
29638
20571
22541
7764
21085
1236
6184
23222
26461
9887
21155
1259
12294
31246
18014
31977
30404
8425
19148
17889
21846
9222
830
31858
8751
15129
22372
32028
19741
18126
21776
20215
28456
12565
24382
9893
4541
10173
20050
5509
28940
25925
26016
14633
15790
31727
16945
32523
8587
22293
9924
20603
3067
26304
18708
15068
2347
10615
1113
26640
10435
2133
5393
31537
14277
14687
16896
9602
20920
7188
5750
1957
3335
17477
4560
13070
18084
10022
28737
24503
20720
7846
28883
10773
2527
14076
15528
27980
7255
31362
21382
3487
28890
12231
8595
18218
4453
15839
8796
21715
1176
11006
13596
894
25622
26950
1596
1408
12847
26076
12822
6742
12989
3649
1278
24216
19275
16352
31875
22568
11901
21987
28146
4783
22188
18763
30236
24650
5072
5952
5721
4736
12451
24997
8909
16248
29443
32240
26090
26472
31640
26169
7478
3665
18616
16528
13135
7658
24711
28820
23340
9177
26211
26434
28837
16425
8063
9482
16950
22521
10957
8744
10240
24689
28706
4401
3088
22011
2709
12268
18404
13231
12840
6756
31531
32526
26794
21563
16333
15348
28123
31809
24363
23752
16082
24133
27816
758
9372
22316
26984
9119
5670
16192
21848
25743
29020
20170
20846
17775
20371
12514
14130
26939
31012
14470
18813
5111
15450
27626
25216
12446
11151
23055
17161
29532
1681
28311
26370
27644
21323
14296
826
7332
27041
21295
4201
26816
30363
29590
1902
28732
15046
13945
13018
10998
2007
15046
14770
22643
16786
11844
18289
6097
26090
17701
30029
15356
24682
20446
22715
12325
11475
25398
23349
112
3335
18077
16187
23277
22053
7360
30360
7370
6390
31322
11750
16327
10632
24397
12628
15337
18968
17905
3751
12659
32053
15532
6271
28434
17187
15811
11996
10328
18046
14703
28896
28779
15391
1588
15319
19711
31300
11118
7028
30081
2794
14893
3933
4757
15742
10306
18923
4547
31669
24986
19498
24941
26041
971
808
10501
31109
30701
19052
20861
18834
24235
30660
29182
1715
665
21572
29916
24893
17609
9867
2250
1388
14233
12872
12874
14082
23502
20733
4456
20529
13287
2051
12200
10171
8619
16335
27197
8792
16901
115
19579
29528
15121
22375
28303
20617
12407
19082
11374
7515
20984
31844
18699
20802
14406
26030
20941
7516
1049
18452
22080
5460
29567
15929
18443
24454
24947
3324
5922
12388
25522
6650
24124
5400
31434
11091
13192
20843
2164
21682
29083
21733
35
13703
3245
2869
1501
27799
18438
3028
28490
25783
24499
27878
23307
24276
31357
15713
21068
23863
30748
27248
10397
21511
28583
5146
3581
17168
29263
5407
1848
7362
26189
16930
16500
7805
3609
9229
28166
32268
4061
12722
12170
4207
4393
19630
10546
19933
15080
1427
18270
22281
14739
27462
24685
24485
3492
27045
10451
8740
16462
31597
11628
16581
20587
13147
18449
14285
27574
24722
17000
17683
18490
21053
6912
26818
12810
32373
8349
25435
8499
4197
22480
21753
27631
8620
24267
25049
26907
8962
17268
25
5867
14367
32696
21184
6621
2777
4130
13823
10219
22924
22700
24759
13317
17598
19413
16186
28094
8195
2035
27478
26950
18975
24267
26000
920
20587
31583
29613
22260
24954
6663
18551
21392
21243
1731
22717
20619
16097
21968
412
10530
31682
2681
25597
14886
29821
8240
6495
21421
8992
10717
9687
29449
13065
31606
19284
22774
3659
4560
8744
20503
23123
11445
6852
14244
10187
20278
19651
9821
22974
6722
14123
14786
2045
13688
21999
25989
24770
14906
12472
22336
19860
21763
18148
16996
24426
4346
31951
10353
17939
455
28242
29037
22229
16293
19082
26767
26197
27064
7387
28987
31158
8866
10036
2099
4869
15185
12692
25867
7381
26
29389
20445
14630
23564
30344
32575
30604
18046
9353
4722
13965
12011
19764
31708
13386
23296
24400
28600
4706
27378
11020
11021
20755
30741
22079
9948
1442
427
26100
2974
20477
7161
294
30958
21408
5537
20680
30082
14261
1835
8457
7007
29311
229
10197
21581
25592
19181
5279
14985
953
27532
19806
29115
9755
26565
31957
3111
7324
29230
22040
20519
13700
31743
12620
29145
24264
23657
26030
5397
28718
553
1239
11170
24754
25436
23358
937
27432
8085
23038
6761
26148
2093
19929
1837
21271
730
1917
4731
26810
31363
22791
19855
7344
21075
3270
15880
28775
3853
14657
29152
1343
10911
5755
4001
15342
17913
14453
14038
25379
11551
21237
17600
14697
24957
27270
20811
17998
7804
5824
30784
20165
3154
14793
17084
26826
5406
20764
17633
29252
4148
17289
17355
28463
14261
20605
30662
4858
7268
1156
16062
31022
2996
22284
21239
20817
7206
21868
23038
522
21457
32549
24543
1926
7490
14183
4760
4377
32391
28631
20942
8745
18055
28815
26303
14920
9365
24934
30840
18592
24132
30834
4167
28308
6012
29132
17012
21924
24781
13459
20268
7313
4
18740
20414
8130
9980
1256
17418
8423
3255
3710
5173
4572
7341
8282
23202
1744
12388
11198
2590
5030
1857
16712
17499
6299
28830
25276
29856
16938
23581
8708
702
16429
17467
12661
12870
30788
10024
18772
505
14202
470
1689
8064
10022
335
9970
17246
2320
24141
17931
2338
32469
5892
13
6113
24717
31555
7525
12003
26282
16059
11206
27293
11043
1438
10353
21983
17875
8045
8116
6991
2076
25611
26032
27414
7119
26389
19552
26841
2384
30070
31447
13803
26869
4405
18889
27585
17328
24466
18765
6822
26350
15698
21473
8367
12222
27991
21167
27890
4406
5491
5903
755
23058
32126
27980
21087
32159
17574
19627
14077
25560
263
18601
13537
1230
32124
10117
17635
21325
2484
16894
17743
15036
4232
4190
25310
13381
26763
2231
3557
14134
4835
12909
20429
2215
23640
4852
5315
11870
5291
22491
15792
2287
20521
25098
3692
22823
26495
5704
19503
13483
10704
5888
8264
11741
29957
19268
4881
13055
10341
22290
13090
26779
9573
26838
15557
802
21185
49
21930
25555
21963
4601
12508
31966
30211
11649
12020
16586
24297
1818
20109
8468
13327
3033
247
24601
11122
25243
14128
14901
8714
32327
15119
10797
24224
9555
10435
19658
30432
4746
7292
10183
2735
4876
26728
22510
18879
17814
26337
27261
30560
24323
15589
26062
24729
6163
8390
17719
30839
10348
31010
27696
3749
29406
26646
21683
21565
18155
5807
31977
8926
23431
21665
22530
14847
26396
24636
18020
26242
30929
27291
22793
18572
30476
11295
25634
11157
26421
7452
9473
9403
25278
9937
32565
27484
23904
24734
5367
8163
8359
11633
16069
29922
8368
19842
9804
28258
3634
14400
2187
11127
18875
21130
25398
28183
7228
21795
4440
21803
22728
30560
6973
31975
19353
12836
15759
31063
6740
12046
27583
24379
31117
14321
20902
20245
23438
14981
6253
13952
31828
13404
29354
15299
28379
6935
13259
1958
3996
5337
30392
24965
83
5372
6068
20898
4357
12547
1412
15807
14914
16848
11732
13293
3240
9496
2262
22431
14760
13075
2092
9474
6541
15480
27912
32401
21177
9384
18834
14564
1586
27689
12682
6344
9566
16215
24110
30613
21771
23894
18782
444
434
27467
1022
17312
2301
1996
19356
30887
7302
12949
9042
20624
16866
23676
29678
7943
5086
13223
30545
10614
10504
32764
29461
1823
17266
9177
1651
18280
11698
5381
3939
21109
26925
25063
27396
14332
4502
5878
5439
24661
6577
6257
27559
21457
17757
17488
6052
3149
1233
28794
25553
1287
5414
6456
162
31920
2582
21482
31818
7618
9475
23033
29148
275
7482
16396
13232
16043
15738
11647
29960
210
31408
10257
14067
19822
26629
18396
31858
31116
11290
26507
2522
31549
23442
9415
13177
3491
23762
17650
32636
23371
14596
21016
7952
8893
32354
1058
712
2386
6065
19021
3647
4166
15627
2267
12030
24590
25058
24329
23200
24044
17474
2368
14388
16320
342
13199
30946
4641
21294
20569
9170
25772
23487
18251
22857
4252
8492
4241
20757
19868
8004
4170
6188
2265
4683
17977
20880
12890
24317
9661
32373
29844
15312
10755
4518
2617
32634
31354
21029
9810
14515
13191
20753
8845
29500
10107
30413
26584
20000
11202
27487
17710
18234
18012
24086
10417
24567
20370
28784
28410
32605
23521
18490
15533
13644
571
3321
5712
17156
21103
21641
10845
3304
4069
17156
405
22914
1166
25062
2456
454
27
29294
11699
30363
22381
16199
29177
16279
30797
12647
17557
22282
25950
11320
31070
1855
11855
29941
9132
11518
14421
10583
17002
853
27353
2418
29293
23705
5230
6361
6916
27815
7173
23305
18641
2159
21092
12037
10967
32436
30676
3645
26067
28173
18970
12980
12752
15408
11945
26722
30198
4719
19734
3544
22179
899
11724
2082
27069
16009
12545
11761
1350
29514
29161
28154
23600
19391
27177
13465
23923
7893
27022
21690
2398
16493
13823
30713
12586
4775
26544
23048
21717
15456
21913
21329
4910
10489
9767
30429
24620
13658
22577
18293
30083
11831
22573
18439
12665
914
30116
27467
22518
21890
19683
9893
27099
15922
30964
11342
1685
32044
8652
4271
3058
26584
15046
24333
26675
17215
1360
24939
21090
27413
11236
8108
23782
27127
2363
23033
5716
26353
28605
610
11400
3139
1339
31176
17909
19301
1760
5114
1337
8776
2405
10014
27380
17887
2437
10835
2523
21982
24753
10132
16648
32194
29188
1247
28820
10001
9081
26775
23656
8419
30556
15656
12624
24737
23038
6121
24658
16397
30637
1862
17469
23682
12003
3102
17796
31613
29374
17002
28749
6237
12720
32032
12486
32615
5240
22871
10680
6669
10577
3243
22878
20592
20329
29411
119
9251
30356
7889
32666
26674
1858
29306
7882
14947
1711
631
29514
8635
19289
18587
22450
30276
21943
27094
10819
30222
8488
4953
17784
11124
298
13051
26333
2208
24268
3804
30756
23634
27238
72
28278
988
5511
21982
13319
32370
26927
8433
20461
17824
3134
29230
16434
3868
3629
18815
14888
23486
18940
15664
17660
30669
30059
7249
25230
20604
12397
4187
14976
17076
10458
534
31630
18196
9828
17849
26397
7991
4812
21075
15126
26677
21078
2155
28148
13932
122
19427
28956
7808
25820
29987
28013
20384
13438
23923
11801
8971
29492
2727
11699
17619
2393
15874
31113
23009
25025
27221
24371
18234
9198
21863
6252
32385
24199
26777
26913
29628
13829
29898
25544
8283
27568
28025
18419
14198
20682
24361
12069
28502
31242
9482
31716
1079
18252
8661
16143
22604
4998
32760
1906
21764
8446
15603
20376
29068
5562
1026
32224
661
7224
7164
10963
14167
31840
27771
8629
26581
16567
24125
20314
6243
15317
6858
4924
22118
537
28503
9930
21084
11163
22251
3842
23324
29282
28608
19521
7774
216
24556
15450
21117
1146
27968
25318
11644
22740
19569
3036
19784
24237
27509
31842
30012
21375
15152
9698
17642
15658
15440
3935
19481
15848
21366
26890
8202
25732
10390
32272
22016
19655
5536
30903
1790
9268
26720
11433
16595
26357
31651
23439
2132
26900
27547
10210
20713
32750
27012
10750
3403
24549
29320
23417
15755
598
28128
19634
7767
10187
30269
22701
23929
19057
21094
19230
30624
5324
24866
11459
9059
12457
31832
10743
28035
596
6005
18309
27248
9228
7438
22970
8463
13748
20423
29118
4795
21707
12915
13604
1162
20638
15228
21439
28113
28348
22405
4023
12266
21419
32591
3037
31540
25561
25817
21564
1372
12501
31692
21744
29915
18111
24853
13116
9664
28158
26068
15574
11184
13616
16757
24965
13611
22375
12060
27374
13328
21138
31303
26283
28516
16953
16047
30366
25167
21102
24431
31621
3175
24320
31079
19918
5938
4849
21731
30892
29925
7210
6776
11114
23666
18286
20271
21760
18114
6285
23526
7652
20799
13018
9202
13346
10646
9694
28425
7599
26299
29262
10848
1274
29485
23355
17680
13253
27771
22409
11198
12339
7175
14242
10107
12322
27914
21355
9193
22202
984
21624
8351
28742
23142
28796
20943
8259
1545
10243
13350
13751
2688
23907
6132
6597
24117
22511
26509
3197
960
1903
11503
9209
23725
7117
6821
16805
6527
17681
7147
29150
27380
12175
12306
27071
22667
4191
5414
5943
24644
22030
1487
30559
17319
20883
3701
9995
9735
27525
15783
24992
24584
14731
13246
25125
11359
2067
21949
23196
4569
11335
10108
30098
11935
12860
4358
5621
18616
15213
4927
18726
18383
8553
12234
8015
31799
12488
2089
24055
22316
4195
30758
16595
30812
10437
12146
15583
13478
8156
3725
31150
31265
15604
19173
29950
13664
18663
7746
1168
7156
16013
1377
10807
51
24442
20959
28206
4664
233
4954
13230
12843
9459
7122
15296
14275
13317
9045
19025
21256
27280
20187
8580
27230
20226
7791
18252
6591
17398
1679
18745
14152
2727
14550
29330
247
18859
24536
10405
22451
27614
21070
24923
11148
27548
371
26639
32069
24115
9901
25760
6415
21399
29808
22725
28312
24152
20063
1953
10820
22482
19637
31640
29626
13476
3812
7776
30115
32099
8572
5979
4782
16271
31565
25636
27608
2757
21968
24424
7146
20023
25795
10743
19523
10842
12564
10778
1751
2782
6912
5416
27000
7395
18300
14164
7765
30058
31956
28105
15808
31753
12946
1785
32052
28132
22689
32049
20374
3288
6578
16241
23227
20217
7391
31868
26155
8767
2702
9259
10020
6268
22681
4870
3554
3985
8620
7189
30750
10722
3054
25844
27861
11015
739
18470
17738
3269
18577
12715
26446
24636
8673
10709
29887
20321
8777
599
5199
21167
23208
22943
14214
28442
28529
26726
523
4165
23052
19845
13855
21236
22905
19466
19050
21444
22071
12171
3322
22042
15716
19130
30601
22361
5925
17466
6398
25176
23624
9649
14391
14099
20264
24863
5126
6816
23505
16494
25721
25445
17253
29514
351
5513
5823
12082
20999
9128
17493
5583
27211
10187
15715
21893
30925
10391
30278
14409
27265
16068
17957
5298
26476
11985
27095
21842
3243
19190
11777
2630
1974
12635
1151
14604
30438
14983
2310
24213
13109
11291
14599
22427
26438
960
25302
9013
6053
28254
4107
13225
79
16271
28457
16769
27509
32083
125
21729
25981
21509
2633
30999
29258
1677
6178
20084
10173
11992
2455
28250
20859
25221
29715
21911
497
4065
23557
18673
13462
10006
2365
26626
25968
25503
31385
25159
16858
18943
15586
627
22148
11699
10481
1033
24251
21349
19734
26409
6379
866
1466
13994
17506
8270
2370
29802
11350
5655
27447
8162
25642
13607
23204
2814
6381
19934
8128
28971
7204
8255
7373
1201
3017
29673
22080
26179
15251
27721
17954
15060
17272
27919
32438
21421
22385
8926
24668
7357
19581
1096
26293
17712
28392
24313
20744
22083
3533
17714
10725
11350
24538
28538
29192
1602
9555
26256
29311
7918
11097
2467
31248
1309
5229
17605
2517
9610
2608
2974
13609
15159
15468
27741
14536
6658
20824
20212
3377
1913
11032
13445
30799
5615
9860
2839
25177
13776
14122
27022
29175
28977
1174
18394
13222
1451
27857
1902
20573
20586
4135
24564
6001
16513
18989
1087
24502
17280
15363
4993
999
24649
19415
10942
32327
29727
15786
10880
26505
17920
18775
1229
23789
25653
20945
10070
4525
39
8620
22001
3991
15476
20703
2377
27387
8514
14280
9684
28103
10964
4976
7942
32241
9819
16145
23237
17173
20750
9941
26908
20320
28028
22497
25651
20396
17185
20882
3199
1772
15416
31750
30006
6347
5585
26591
21766
26512
22051
15171
20230
2373
32035
28711
18413
6168
9046
18382
7042
25089
31459
6028
18003
15269
26348
21200
22442
31355
7454
30306
16317
23085
1415
14568
20005
20801
19624
9391
29841
6392
23500
32424
8636
27766
11160
7857
18588
17188
9442
7446
26589
2643
967
31064
9613
8738
28919
7725
21273
8609
17748
26311
28024
9782
11196
2393
28070
12864
5410
2776
32084
24315
13028
8191
25566
26020
27480
8085
16253
17373
31912
27122
24254
32594
16865
27072
20018
19613
20038
4607
28263
7527
21226
32075
9752
22992
638
4706
1185
18705
26471
20961
26805
28000
24596
12622
32595
22293
13710
10075
12022
13066
80
19817
17165
6215
20314
14924
27562
22751
17793
31310
25982
23061
8457
18550
24069
14275
24949
27914
26622
14077
32670
25938
5150
19441
27651
14495
517
14097
18272
7820
32113
32117
2434
23172
31666
16506
2649
28804
3422
14512
8527
5922
6213
22515
20184
2767
28071
22231
9290
9817
4261
12618
24048
25780
16630
22132
25433
12281
7643
4066
8694
8623
30037
25572
30181
6218
5013
30515
5383
17905
9908
12759
12376
7300
2724
11080
16256
15070
4455
8660
10917
16215
7038
320
18052
9101
5285
15538
22208
1381
10429
32719
2681
332
17674
31520
10017
451
14750
20410
21899
10266
3861
24094
17733
12923
25731
31838
6696
811
27051
22401
22573
11533
18802
1065
16771
10600
6291
627
23262
6889
7315
14623
2577
16876
32504
11249
735
1527
16566
29014
30222
14471
490
11083
14014
29968
29130
1915
18937
16959
31452
2727
5259
22658
32615
11083
6932
12746
14888
32639
2139
18064
5957
539
28133
7190
6535
13086
29383
2031
8131
5969
25784
19649
7833
23335
24426
29770
8801
7400
32283
2721
11619
8718
19303
7870
17990
31728
25440
11325
19148
24477
31712
21087
23228
13579
18206
31826
28447
8561
25728
24242
29102
4337
21424
28239
26764
890
7666
13361
2609
8429
10677
8921
19878
22654
27751
20682
19192
3934
28302
15432
32743
8855
22037
31840
19678
16439
27363
808
15912
23472
18867
21832
30048
16767
14623
23225
18217
3596
21757
11469
24864
3025
1007
1392
3087
15551
27446
13229
24164
4829
21703
14708
29409
7219
15265
30362
30612
9702
29277
1313
10506
6820
6151
10938
3520
8258
20268
904
1498
14500
27444
18983
791
27102
2034
24813
32005
12696
16250
111
30065
18359
29235
12103
8482
29754
21805
26389
2247
31841
15028
2756
13869
27413
18725
4623
16821
14468
5120
3651
21510
5388
19263
27718
28671
23386
29926
6104
6383
28115
25820
25625
10505
818
26361
23883
27666
9843
20320
26586
21085
28145
25871
20633
20473
11723
23220
12879
15401
10635
18882
21618
17684
2314
25541
26418
19390
5262
19955
16570
15415
31798
23299
32690
13843
11928
5954
14088
6425
680
23267
1776
19008
14556
22166
18217
17623
6029
20061
9858
19459
9889
30363
25502
20590
20071
10094
756
24126
24002
23103
9753
10052
15242
9624
26690
32118
18223
11061
25605
20896
11423
11357
18015
2646
12138
14451
4859
18221
12580
10696
32177
25643
30476
25779
32078
20859
29418
3300
31635
4965
4926
9461
18048
32382
24214
19522
9938
1052
24128
3835
16330
8973
7201
31863
7216
20617
14309
30667
3224
28004
22361
30364
15076
7048
30228
8753
5898
1955
22621
3788
279
31517
9545
32059
21620
19021
27684
23210
14440
29420
6418
29371
23007
32458
7414
2009
29290
32447
19603
17865
16518
12773
15090
17025
21793
11524
4867
318
23130
5710
13446
11217
14217
18765
6188
30265
13951
30489
16122
24695
3599
5838
12527
19102
30157
14909
20198
3882
10005
6882
31678
6034
28495
29463
24759
7969
14194
30598
20767
6145
9415
1252
4399
26265
14064
21981
1072
26393
1832
21834
1505
29010
3276
24746
29469
20172
2843
3792
9657
22290
3130
20185
26540
9809
3450
29537
8562
8737
16606
32247
18354
16547
2008
16077
19486
17868
2900
7348
5530
27392
5367
6472
17313
9443
3497
25960
16613
31596
17745
6634
26934
10299
26591
26764
18085
28460
17296
22829
10729
25900
17517
26429
8706
6475
18710
4978
5916
21523
13501
15804
3253
24856
25205
23420
20226
5841
23981
24049
3983
4262
1015
23794
13607
20298
29711
23011
25331
13131
28184
12002
31461
1512
2344
32321
8024
1058
25095
13881
30704
8214
10036
31964
15816
27785
9769
6220
21196
26309
15840
10027
26723
4772
23190
15698
31058
7402
24271
14534
6877
30679
7578
25319
26926
9725
18966
12779
4859
10064
53
16011
18532
15484
19136
16892
4378
29819
19100
12321
19910
14438
25419
16895
26793
18827
4277
1137
31103
26049
18985
16157
24746
1528
5791
18342
7564
27412
13888
5412
25653
27900
1320
10193
13886
16365
31594
6404
756
9237
28244
26468
4794
13149
30453
21333
16808
16774
8669
24503
19832
631
19492
19152
15011
27349
20910
4998
5319
32469
28844
24274
3660
846
1638
20849
17223
17683
2361
12765
9118
27263
25563
26235
18542
849
5607
9238
14505
19130
15765
24716
24836
20405
28360
24007
17168
30615
31567
24815
8102
3815
4196
27102
8329
23663
19833
32469
17735
27283
14389
24685
5984
31458
12729
14800
27050
22507
20775
8488
9972
31058
18277
31832
29674
11811
12318
7659
10297
16741
29706
11849
25331
19699
8304
13617
15924
11911
22505
22371
26118
21272
16486
7325
5762
19558
4724
20937
17720
25811
11711
23413
31185
9588
22229
3203
6643
616
557
21794
11365
8552
20584
24061
22388
28320
8150
25522
7829
29629
22332
26245
9035
9544
19925
598
27979
6706
29846
720
32223
25008
9398
2020
12936
27465
14190
20085
15079
13612
19198
29013
9693
13512
22768
13937
18930
11671
416
15432
3315
27194
12540
7074
20191
3019
137
20862
31749
25455
31399
1356
2662
2602
8981
32604
26208
11000
26807
25495
4750
13081
25751
1133
32490
23724
2603
25102
23348
18303
11478
10717
26776
5158
32432
18977
3723
13642
27786
28158
14070
27460
31533
30117
13718
7658
2531
16071
16034
2217
7737
20815
12463
27861
7426
17488
13778
15932
5279
28476
4
32257
31870
15192
9418
14248
3553
10604
23573
21613
6625
24511
9830
14554
178
21570
7735
24728
11816
26380
30871
27782
16250
262
30996
22280
13895
2792
23773
17058
23766
20580
296
5829
16290
9120
18642
24296
24598
21738
1349
8155
1173
21160
26271
5976
18877
1421
14097
6620
22765
15635
25988
692
26628
16421
9091
27227
26220
22043
6741
5891
31576
23532
31593
23410
14665
14751
28664
22543
10967
19459
11237
21053
7342
5792
10216
5607
18647
20973
18155
5468
18233
10692
27316
15198
26463
16402
15301
9077
22395
18387
10368
11402
15531
19518
24463
6576
8316
30780
18819
13637
22445
29215
17851
10810
17973
8081
11912
1967
9350
26058
26766
8899
10772
14855
366
19114
16657
5687
8610
768
10107
9719
21928
14428
8537
16320
29282
9001
8258
32351
6333
19633
1054
3750
7313
27259
22833
1378
21192
983
14165
20877
2755
5559
9862
7876
14073
10432
11428
15355
2273
3489
26741
23151
1043
13220
24042
14556
19626
19842
22435
3824
13548
14460
436
19712
20013
22951
8618
1019
240
25992
4041
2460
28752
17888
21912
11491
11422
4553
5536
3781
31052
19458
8304
29475
10761
23432
23268
7673
23342
29286
22951
4312
2393
22221
22007
15510
19543
16999
24488
31556
14664
19433
28780
26208
12285
3816
17489
23884
6053
1517
7051
20479
20137
19147
18804
8699
20948
12592
13521
14718
24247
28539
11607
3837
5452
18893
14958
20686
23769
29539
18228
28453
4119
6691
20421
9281
13460
20596
29626
19687
16726
18771
4591
9488
14529
6820
20874
15583
6587
31173
15416
14805
27661
9833
19898
14408
27660
30628
7329
24849
6522
16194
85
1926
11687
30557
22620
25512
15579
28207
22745
15517
1784
25636
83
5984
15196
20531
6840
15799
13317
15983
30114
12645
27640
31961
10712
24481
13539
2681
7704
10440
28673
31917
10004
4175
20030
20160
26810
10491
23452
20414
23736
4436
22997
8839
8768
5207
11842
1059
31496
17003
26363
19541
6550
5782
6976
23667
9402
31729
11031
28788
5212
18265
8759
1611
19319
31080
16933
20340
4966
23715
30621
24780
23647
21493
16179
5285
26429
27997
15674
21274
15490
3299
3301
13472
5276
17360
2732
13022
5479
10270
7665
23487
2292
16430
17892
15045
29065
22201
28068
27808
7912
19209
19367
4351
10452
12649
20571
3750
29394
22490
26637
24000
7469
775
5131
19575
1852
30587
7941
29123
18151
8978
28857
17023
14696
31405
17616
31938
4431
24618
18690
23916
1481
9364
26241
21503
1825
31382
14997
10417
7303
27958
643
18623
20241
11968
32436
11523
17919
21503
4371
3785
30787
20403
6839
24287
5953
16960
23746
13035
5843
29092
24713
7425
30352
32171
10997
8565
12366
9318
16169
16110
28645
10969
13412
15548
30774
15860
25385
13164
22892
24517
28062
921
23682
13547
10035
12037
18438
17998
8067
18408
25116
2829
21631
27271
21445
20152
20425
29961
20833
18368
13150
29062
11379
29227
31096
26210
12965
652
27571
217
32268
1331
5486
19930
6828
32161
13684
29977
9535
6719
29404
10848
18226
20559
22829
18725
13297
29730
24518
20066
2916
8587
125
9377
17849
2197
8583
30294
3173
29297
22168
31346
9317
4786
15690
28469
19914
30909
30915
14148
15476
13690
4242
19707
3614
2384
14043
4
24987
11857
14772
12585
29534
4785
9166
102
25408
6013
20568
8515
1918
10121
30240
18785
28929
15019
28156
27986
1251
6438
14440
16301
20270
29545
1648
9826
29415
8698
18897
6732
23371
8621
4187
9477
4696
8217
11929
28926
24719
11340
32180
8143
6649
24510
12437
23243
15464
4996
1098
20952
17151
30150
20395
7294
21236
4979
13885
12605
9621
10803
598
26404
21385
22174
27266
13727
25945
29355
17958
9873
19759
14443
30051
11938
11741
31991
61
24539
4896
6055
12541
10864
32550
18820
11731
8156
29007
14592
21952
27699
18993
21989
25779
31156
12510
14732
8947
29342
23913
22351
9148
5446
27814
4416
22317
3685
8498
1308
29538
19894
13747
9594
30941
2241
9313
29512
22058
24561
1990
27512
28354
23021
30913
31991
2353
10533
3537
6879
26740
28587
24464
16109
5285
30021
13950
28725
5850
960
17920
8724
11338
23943
6313
32615
13489
628
4535
30202
24566
14053
10209
5700
24331
275
15696
6993
7190
4255
14571
12031
15822
17518
17623
15981
31271
17079
22078
29361
31793
22362
25168
8649
24893
3188
25736
19412
4419
12592
6705
30851
30336
17120
5928
2250
22627
27724
6115
20699
23978
3913
13490
3668
31177
3214
23109
3767
18827
15812
11119
6684
8955
21980
12329
30242
23685
7077
30170
5419
3929
12958
1238
17865
22800
26121
20260
30323
24722
10816
31876
24957
8759
18508
14256
13639
18220
26548
24803
3252
3097
27283
18840
19421
31488
20461
23956
13575
31849
4163
23846
18899
956
10341
3246
19637
23278
18056
32092
30375
20831
19864
21306
13599
20995
8912
11373
1086
9409
31111
3512
14666
24344
4429
30785
20830
18440
6710
3224
6240
13104
13174
24309
15412
5940
14382
24769
8239
25441
20102
856
1231
22676
27900
30734
22441
26967
18940
12656
16290
25934
27056
2508
14690
29650
15897
13043
22534
8667
3423
21309
32277
1827
4709
29646
8886
18056
2977
9240
30496
28082
11307
30369
81
30711
8979
15110
30979
30843
11512
6465
4060
12188
25558
29223
21989
3981
16672
10548
28989
29760
1551
15243
26639
4746
32313
18489
6081
25218
20581
28090
11374
2346
20894
8382
11415
1361
3718
24621
27925
9143
32493
27240
338
32371
6050
22482
31673
2962
11913
16015
4715
32513
25838
17291
31796
941
3097
15550
6589
4072
14371
18607
16131
22799
29960
32567
12551
10857
20988
8072
11208
9043
14083
24429
1134
8346
14524
16340
15304
21801
24189
2697
5368
21988
3749
23876
1133
7379
5422
26086
2834
18307
30850
13312
20933
5289
4240
17301
6411
25865
5150
9505
20738
17302
4193
26329
28055
14555
32459
9013
19192
28057
27940
22700
13901
24754
27612
28350
28323
13381
13984
3128
12840
22043
19243
8884
11166
1858
25183
21343
21514
1783
32660
4351
7340
25802
2608
9012
30004
15868
9591
28413
563
27180
15013
10367
6096
23346
26938
20994
19644
13388
20886
11325
14696
23672
28101
31699
14197
4128
27804
18461
13676
13820
17157
30506
29359
31541
26519
27396
14255
31430
27754
1077
24160
29736
27433
11658
16106
21806
30568
21783
21666
6958
2872
30331
12088
20321
8697
6758
1073
8844
30064
28504
29848
27616
4378
24491
23281
3871
12223
18643
13679
3585
5961
14309
103
18646
26327
20310
5379
12908
2830
14853
24635
31539
19631
20348
1537
30623
11631
19827
17596
17870
1795
19094
11512
30315
8314
18057
348
15570
11727
31528
21212
27253
28095
21267
11568
14718
23000
10602
26500
10934
7379
14037
28017
31397
17187
20424
5164
29179
22990
22533
20477
5422
28540
3938
24051
30565
11213
7116
13783
13461
28912
29836
22622
22249
15218
4809
19874
11112
13395
2894
26579
18898
10591
30094
7722
21450
24507
17381
5151
12090
29887
28961
8412
16372
16643
10049
27377
25749
29117
17277
27721
15023
19530
23430
29277
28199
20490
10254
28327
6107
10865
30859
11098
28552
12635
5176
14416
21740
22432
11357
9284
29735
20457
17361
22081
2407
20930
12221
7002
1988
13552
5538
15516
10089
22276
2718
12609
7925
32560
14315
16678
3105
13402
10408
11136
20386
14703
9436
9674
24657
9210
15800
18178
22921
16629
28444
13076
18640
15326
31325
6807
32442
15374
24134
25271
26379
27719
4188
2418
11292
8332
23398
6664
10624
3637
1837
17836
29158
19010
11649
29824
27713
496
24700
25280
19495
8586
1547
7741
26999
23938
3241
30734
15167
20928
23918
16002
31197
11066
12105
21337
11364
4037
8074
29235
9537
14378
13219
15176
12830
28797
10287
22106
774
29354
12595
16872
3274
20305
4004
8869
27300
22740
8234
10024
795
17582
18212
21477
29734
30470
24044
19292
2708
11395
1372
26256
18603
30307
401
12731
16400
15559
750
8512
17127
15185
100
4833
12346
11249
1777
28466
24479
5116
8807
32589
28693
26495
17263
19144
32304
30418
18125
4580
1398
23152
486
14343
28936
20741
30847
12909
8069
17353
8135
20250
24107
25869
21144
26643
7999
7443
23290
22221
28591
14627
13545
15334
28663
4315
28248
28435
21569
5575
18549
11098
12240
306
32303
19329
3998
5179
21493
10950
10308
7723
21697
32208
6939
15621
24662
14310
5793
3167
28358
20575
22046
13937
11574
31833
17543
7020
22501
12462
18082
781
30059
36
28779
3185
22335
10724
10679
20523
892
27694
1559
26772
27621
28490
21503
21602
5670
23746
10023
26492
6493
30414
25138
15885
5336
17424
910
26071
1056
9089
14747
12747
5175
23724
527
27606
24095
26
22681
22781
10907
11277
14532
17324
9018
2417
30495
75
5264
5391
13723
8211
9671
2308
30516
17952
10583
31345
5843
21191
27409
32629
9587
22825
8034
29016
29571
4872
22486
7945
18828
18138
8411
971
5140
21532
11464
22059
1730
23017
12317
821
31427
11211
21260
27111
3179
2257
23609
27366
15392
18658
30911
8304
5748
29776
17779
21138
10129
31152
32108
31643
15834
30186
29123
28880
16335
17036
11927
865
6449
15972
29012
11676
871
1101
21557
8289
11553
1097
21256
17622
1339
13008
3378
1627
11492
17000
26866
30913
21759
7030
31722
11958
2761
1620
23771
21636
14269
15267
17072
25340
22709
20195
5310
32428
12369
10049
20554
22361
30876
31407
26443
7081
22509
32570
31858
21791
7436
18072
8296
16460
1686
30721
29783
30020
6563
23617
21931
29776
19365
28682
30490
27362
916
28814
2785
17614
13896
5709
25169
23990
8742
29228
9867
26310
28158
8392
3720
21666
12084
18441
13916
27037
6942
4858
31675
12332
26542
8152
956
31130
8017
5225
19933
13565
27670
19598
30791
12904
7699
22300
6484
9826
28933
13544
21071
407
21814
3617
32635
28878
16292
20963
10582
6427
17759
29704
6942
25686
1587
15682
17045
29131
10887
24935
15618
32563
30853
20491
13688
24036
17531
29524
30810
18500
16513
20746
24607
11139
28509
16878
32595
14730
16035
13133
11230
22318
3105
9940
20361
15018
6777
25766
8638
20044
14608
5036
11919
11118
8999
11308
20219
16808
23112
30878
30316
32324
32740
6331
31107
2034
29242
15062
12824
25277
12410
32623
9341
4158
18987
15110
2563
16
24010
2605
25792
25732
27316
27617
143
16277
31302
22042
1367
15390
25666
30881
32401
10058
12916
8738
31748
7756
26518
31618
12243
17489
11634
3442
11706
5299
11846
17477
12181
9584
7532
26110
802
28122
13114
11950
1287
26000
8232
1789
19735
4012
15152
2310
28625
17982
28539
18280
31017
23034
11577
2713
1164
23085
25041
30846
5662
6390
15162
23097
6470
16306
15016
29763
10348
1976
23148
9402
513
27463
19221
15356
20160
25276
3036
17268
7476
520
25151
9908
13947
2658
29931
29380
12361
17465
3551
8122
24624
13677
18383
6283
5150
1982
10950
29985
13351
13189
31760
6830
12676
17058
17751
13887
26332
16309
22284
17812
19907
9617
18953
8751
11649
25325
17524
17067
10004
18013
1510
9807
17016
26241
32460
7907
24869
23164
30478
27842
14810
22184
2031
24881
16793
393
27957
31471
9714
5375
29065
12558
15493
8127
31264
24576
3011
31491
30107
3317
20724
18561
12844
29541
10110
3226
24315
4328
13668
14549
15560
9038
269
14987
16849
19692
21575
25060
13558
21300
20619
13570
1051
11145
6275
891
22990
19025
13001
19981
13865
26699
2546
22157
3834
12834
11723
27681
15138
5699
14818
18351
11579
9452
1352
3221
16766
13958
32662
16795
8931
19509
24366
22053
2953
24237
1219
1966
25689
3911
14364
15217
2023
28500
8724
8297
11416
20913
10214
11644
14858
23196
2983
20468
3504
16837
30228
24110
29373
31400
19854
8854
20804
14107
32355
4819
22685
30755
6223
1854
10506
8460
25923
1689
16538
16569
23908
31230
12110
1336
7255
23829
22139
3481
15292
16010
14191
3585
14072
9406
5463
31226
15416
10941
28257
10509
3763
26993
4125
10643
24111
277
19241
13768
14278
22251
2573
32545
29674
23346
20324
17376
17831
27475
24381
25317
20264
9307
6080
25031
24445
14765
15637
6435
15771
9209
15489
31540
9380
15464
10962
10404
21865
6169
510
18338
24878
14289
25095
20789
4525
24558
22817
18640
4701
11421
30487
4646
16115
13901
12267
22847
15145
23140
20925
16588
14271
31792
4589
19128
2240
21024
30084
12031
28935
4916
6352
5315
18177
6322
6735
24989
22197
18459
11471
4913
9473
22877
5330
22277
30758
19786
5431
21651
18823
10313
3863
23964
1197
17739
22766
30912
14223
21761
4347
31308
6160
23885
28393
8019
714
19702
22702
24320
22282
30623
16052
26154
21531
3578
822
28969
23496
26169
28910
30696
15900
10437
1261
24636
29292
13619
4042
10868
24984
21364
29182
19506
9613
1355
30607
11641
25102
3076
5868
31750
6837
30308
5912
18660
10804
19164
24843
9275
16097
8705
86
11113
114
17729
5893
15699
17156
9678
18633
18685
27491
16351
24919
27225
26757
15896
14859
18781
26199
28998
8913
28504
7613
28752
21061
1670
26067
29803
8473
14306
27258
17804
5303
6971
11280
19235
32040
28042
11390
5382
10805
387
28024
28843
31692
7786
9216
24219
20901
16680
17708
31779
7716
29598
20522
13645
8322
11833
31105
21263
2600
30663
7065
14785
4955
14217
4222
27604
17182
28041
22753
9410
28244
17709
13408
8257
12838
13837
3847
25020
28068
9986
26646
4099
32431
18303
5636
14658
17942
4901
3013
4912
14079
13201
841
2952
30089
13433
12613
15549
18607
15863
26165
6890
25456
18724
16546
27911
18732
745
21664
26211
20818
20754
27804
29774
3640
11684
18260
5142
6986
19569
30503
17718
5735
16105
18063
27593
18568
2611
17900
14149
16803
25469
26243
24933
27599
1680
18118
22887
22952
23207
5078
12152
21493
22913
9286
21613
27272
27829
12322
435
3174
13638
18991
23945
27432
29047
32373
12140
11681
29920
14843
14547
13761
26306
24530
1565
32185
15000
12116
19400
20576
5870
24494
9187
24790
7798
5276
16326
1383
20313
4212
25088
6578
27851
18278
13457
19466
9954
14338
20314
23068
29864
11514
721
210
21615
19498
15097
9080
26212
5845
3730
28190
5479
16178
20108
30525
16922
30503
10690
9373
9272
7252
14565
22389
22057
25939
1718
9173
16083
29758
26745
5953
19890
29298
15014
21150
15659
6547
21985
31571
20253
19921
20524
18344
14266
11625
24156
10865
10901
14702
27081
25073
15867
31689
11850
28153
6279
20095
29793
12624
7409
10290
15282
16983
2087
4587
27066
12013
13727
10774
20669
14225
32235
22734
8960
17862
25486
6491
9785
8636
526
31993
15172
11052
29514
19163
3607
6532
7950
24944
504
1860
10469
15589
11758
19624
28718
18155
32117
28039
22130
21434
18805
7803
16373
28758
32117
9538
651
26129
7436
6244
13997
5969
15769
16918
7884
6547
18484
10847
6373
12464
6117
3193
20054
3935
18451
15226
5616
252
18239
14900
15437
24712
498
2649
9828
240
14835
30435
602
27282
23998
23986
31388
4605
29746
15479
7978
27640
28810
1234
31030
711
654
31671
31981
28841
14090
10262
19861
25509
31872
5307
2008
3718
24602
26995
1631
11045
5858
8048
21667
29158
10037
21742
17408
10885
18037
1047
22284
14867
16127
8484
30502
21051
29277
25542
10322
9674
19388
16324
12100
18031
13984
20709
23994
4030
28118
15888
30991
17275
13995
22450
28429
15126
23643
30048
19716
21106
32716
22206
11544
28650
3964
2975
3551
19862
31672
10093
18476
26570
31504
17356
5925
13536
29447
5754
26268
2616
22799
7801
23452
21116
8116
11377
19265
31017
1047
19024
5069
12107
20382
17971
3065
28040
25066
25737
31881
22367
5897
32117
22563
25522
24045
2421
9569
28290
4893
24898
20261
6139
29611
13559
20269
5296
15462
32372
26343
21287
18768
29445
23174
6808
18771
14399
25173
1778
23087
24619
17995
1567
8375
28839
22496
14985
12605
31240
15904
26333
23627
260
18430
18191
13204
16336
14570
31390
23337
645
17318
25625
31472
8904
10069
8674
25683
26282
8917
1074
16437
18125
12878
9309
22826
24521
19211
343
21991
4813
2441
17783
30711
6538
1486
6524
12976
4428
16892
10446
11878
16746
26406
15110
3038
8417
17506
1711
31749
24380
17440
8526
32738
29879
19386
12449
25802
32163
14668
16677
20691
25868
29637
26074
29579
8858
16702
1354
12009
4021
22411
30664
19587
6124
23312
23286
4866
18584
16342
16010
20435
956
16607
3665
10528
23088
25014
23924
19455
20735
11849
30458
19177
5645
11515
22414
16493
26621
14070
29826
2597
13649
10942
29717
12266
14035
11532
15089
19268
2356
27609
29432
804
2548
6073
28480
28630
31617
1898
4444
31537
13475
14765
5086
4369
24343
10580
24089
13319
2427
10141
17708
19022
4202
12478
24124
14081
8935
28353
17920
5004
26111
24210
387
7521
31658
19287
23589
11244
28915
5119
26339
17096
22360
28446
31961
5171
3444
8440
28933
1983
31451
22491
18766
6475
17222
8883
10949
9266
13552
13784
23338
28354
30271
29226
31666
2544
13991
25184
24839
22857
26316
8861
11409
22316
15334
26180
2804
26935
618
4110
15322
22783
999
4186
18162
17668
1069
32196
569
7652
6581
7160
19832
974
25917
17609
9997
6202
27827
26493
32239
6103
7508
4715
25837
20677
14613
15049
2870
18693
13122
14015
7710
10542
16485
7615
30751
16225
7529
793
16670
11902
20991
16074
25584
7576
29249
14485
32029
31655
9109
26966
9956
11133
26837
1682
18047
11260
31149
3154
16040
4229
10564
6450
11099
23987
8222
20661
2782
7754
27969
14299
30719
17514
12950
16374
22941
11017
28819
29625
11113
19360
13591
31378
17390
31779
12693
26170
15311
18743
31861
32394
23120
16544
439
32656
11032
16376
26330
32226
8502
7079
26108
25906
27489
12815
25666
17699
23940
16135
18298
24667
4986
907
20223
12761
12565
5553
29661
23689
25446
27871
5174
14614
1848
32316
28133
30208
6366
32100
11360
32238
20783
5472
3555
6213
5070
11733
25547
30713
4783
4219
29248
11428
19158
721
29462
10709
15970
10256
16373
22698
4043
16221
26552
26529
25192
4674
13076
19627
9268
10079
23674
11650
9425
3421
32574
8765
7629
21028
504
1570
4133
31310
43
19131
6919
3291
30500
300
12252
1830
14885
3523
18310
19735
29123
14801
31974
27035
10893
6072
12450
13137
14062
27974
6693
10631
26709
6209
27111
7524
25490
8515
24814
31590
5252
28872
405
18704
1265
23174
15756
10972
6837
29437
17696
1655
287
25422
23484
5421
16792
12112
21936
31394
20357
8673
9010
13252
2927
21370
3234
29181
353
32519
1043
13997
26258
6389
12294
17111
6724
23692
4984
12059
11756
17279
30496
16356
14483
7105
30706
18914
31100
12187
24295
15035
3591
13308
9728
6653
16085
28944
20105
5720
10285
22803
27803
29450
16799
360
3044
27034
2279
12773
20906
21449
21524
32370
14
12742
3817
7890
16014
24737
26499
30912
19406
5378
11836
4158
31896
28187
27856
21034
11297
13531
30910
27922
398
7012
1265
11337
11958
4288
30368
2362
3114
31951
371
26365
13939
30852
20199
11304
4250
22097
13555
12008
20462
3808
16364
10064
29953
26116
5030
7152
22004
23535
26588
31914
7668
16037
9169
24513
26117
28593
23864
5427
19198
12822
15953
1097
9429
5256
5974
1900
17181
19420
7957
14906
21197
4542
9950
28121
20803
23458
17823
14219
12425
32253
15950
19843
4310
4020
9607
9720
13144
8660
2679
3191
2608
8069
9976
8573
2495
27193
23293
30789
7968
1577
30513
18143
28661
27394
6875
23682
18279
19675
10501
21027
21608
29035
6365
10566
7483
25977
9563
19733
19511
9875
8228
10671
14792
5379
27567
19906
22454
16895
24742
19036
25002
28192
8847
17662
30446
19478
10155
28659
372
23449
30750
23775
3610
28834
26705
23963
31276
15068
21141
26432
6698
24917
5129
11138
15820
1658
20669
23616
13636
18498
17175
19800
15299
4265
6774
26816
27454
19040
11542
10451
7538
19907
308
3304
24102
6667
29042
15401
21168
11973
28796
19107
15034
6531
12268
21657
28230
3025
11883
25630
31984
3434
28953
21731
21107
7852
27696
10829
1135
24394
24292
3018
11626
3393
9869
23398
30996
28685
19719
6809
17871
1052
22105
4451
32622
31363
4502
27547
5949
24816
28929
16517
15682
1503
11636
14498
16067
27921
14595
17868
11785
26682
17628
8578
14179
10235
24177
1408
18285
22799
26586
21138
26257
8649
28532
6571
28111
5054
10959
15153
30906
26047
6343
4252
14531
2570
3824
21567
3514
29888
13880
15205
1938
9882
15047
30368
13669
20440
13098
3166
26039
8059
689
16829
15359
4788
15125
1441
16228
22684
16734
4611
18116
7717
14852
14220
26106
22097
85
1890
16481
21154
11542
20290
25748
16337
28781
7119
5496
23235
17151
13609
9341
29112
12885
18882
16672
1478
19588
15213
25013
8326
28429
17080
10595
12813
32002
23676
28528
2845
16490
13746
19390
18333
31463
2440
19606
15687
27030
9653
14757
17057
16439
2313
2116
25134
24462
20552
25853
19941
19208
25912
30282
9954
8610
9209
15519
27996
7687
27285
13227
11479
25080
18136
6364
14490
4337
13922
31521
3172
32266
11514
30707
9563
28955
