18097
16
10110
19583
2512
4692
10000
20212
4653
4167
5465
17400
2762
22963
28808
6215
14213
17615
4239
29792
19948
25535
26256
20014
20562
17243
20626
15848
7971
1841
21881
6710
13428
1741
23861
8085
15838
20536
14649
9980
2189
13246
4399
12224
29588
15604
2026
16565
23683
15610
11420
25750
14908
18942
3145
17830
23042
22529
30587
11416
29395
20190
20536
26284
760
16776
29745
22300
11226
10899
5948
14262
23
20982
8708
19658
30677
16399
26879
4166
32599
25063
20385
6176
21454
17080
11216
15348
8817
32428
32151
15855
7631
21224
20254
31467
32100
28361
20698
26075
7019
27245
1537
21098
9460
1654
5441
21215
4150
6410
4529
11588
19750
19486
20488
11207
25673
4341
7181
19552
30662
27875
25166
5044
23231
855
8725
1850
13025
281
15256
4764
22586
19663
28272
23648
26443
8390
7244
19911
14687
29167
9191
20981
14107
18472
26679
4179
14677
27581
22504
9778
27690
3119
2312
9137
26698
17460
15620
20448
30359
7934
24787
30757
12783
704
23921
20191
31557
9327
19599
7498
29687
26822
25993
19619
29275
22156
13976
2700
9371
32281
32329
3249
21956
31255
14637
14252
2329
28038
14290
11558
24493
8962
20723
1343
31793
12617
1004
14128
22794
18680
8048
29999
17575
3989
16510
32660
30737
11218
15761
13113
31683
26384
21016
22310
20157
2083
7717
28014
980
19285
20073
2900
18764
7085
96
31922
3752
29041
14025
13980
15553
31209
29273
23872
13334
27750
17072
24848
1379
12419
25484
30500
6261
14763
14909
28889
13628
15323
18265
14015
8994
7593
24752
27314
21147
19334
18306
30022
17661
20544
28400
617
9875
22219
1713
12611
20204
31040
7686
31585
7033
294
29424
5907
22616
31985
16800
22802
11114
20168
10287
22886
13739
6283
29327
24455
24259
10517
25282
22979
32472
20158
18761
25567
23207
13092
480
8449
9683
9260
10344
27854
32636
28227
6693
10191
7444
11242
5929
8985
5998
11889
6160
28461
3608
25602
11246
4637
5355
24290
29318
26864
8160
25076
1725
14408
24870
5759
27982
12354
19825
20272
23486
26526
14996
31843
27539
4640
19538
13726
3521
30261
9073
31838
21093
26074
785
7191
22709
16058
24636
19318
31543
13718
4030
29417
3122
28906
1591
15457
13923
14030
24174
20567
22000
12826
6632
25613
23970
4813
20410
32022
7246
3504
15771
3608
30356
32566
28477
20689
26828
13735
28638
344
25918
9853
14874
24229
25233
4879
23043
5204
11911
24684
30067
29094
22759
9866
11937
4553
19130
15008
5363
22873
23993
14544
6163
27942
2055
20745
12613
1592
28700
23340
14072
18192
32001
30317
3738
30257
14019
14333
12465
16863
2850
11494
13096
28967
19081
13110
19942
9759
28995
28255
3494
5487
4331
23262
10498
22288
28196
17691
11216
13396
9867
10128
27826
5927
29418
13358
233
32404
22959
3324
8810
7307
26012
28674
15412
225
13503
23141
4320
30104
29605
26323
12154
28769
6347
27425
10895
15711
29781
6451
17799
18222
26626
10013
3125
8228
23392
17031
2221
12502
16444
21334
2902
12254
15197
20873
14656
18140
17778
12896
21687
2235
22600
12484
29720
7478
31808
29923
6883
17818
18945
24347
26898
7885
13418
31257
21673
17551
11978
22594
8591
14848
852
24657
2972
15202
28109
19778
22259
23841
20104
25968
14994
7184
2452
11514
22823
17142
26164
5994
15397
18761
655
31897
1304
3897
12201
21709
18742
6897
18834
37
19254
15129
24542
7479
1893
12959
16980
13047
17910
20919
17899
12763
10137
8224
22002
4156
24656
31913
9614
1536
5246
22005
5481
11126
3137
24699
8617
32641
12546
28112
27679
6393
2379
18729
14017
1870
9944
15644
25179
9838
15088
9894
17793
27113
17654
14706
28616
25427
3899
22872
11574
2027
28182
11557
24054
31097
30007
20122
30288
22141
5944
15287
15065
21893
25461
27961
3303
12255
22046
13921
23368
8048
28298
20983
2868
29668
32718
16527
28031
776
28559
23563
5139
30835
22292
17505
7070
18540
15007
2462
15752
18952
19198
14123
15912
15507
25949
9295
2871
15409
17758
11766
7813
27077
7532
15793
30954
18962
2380
16893
18816
8225
3828
31688
5391
18146
8609
17713
29129
19989
23332
13712
11064
24171
24444
18102
25204
10473
7850
24438
32409
25998
26817
26468
376
9525
2109
18396
5261
31421
22165
32326
25138
16230
32532
9113
3857
30334
25572
3358
26591
5182
22892
27255
5960
11247
11228
1247
30757
18768
8965
947
22517
31036
30831
23090
15755
17800
29605
17025
2052
10283
8404
27121
31228
14753
21908
12933
1282
7825
30726
11695
26952
30893
15391
13403
32159
24281
19267
16430
13219
8336
2582
27152
11315
22660
28815
12776
28709
4741
10318
29606
8503
2212
25903
11655
14152
15256
11295
31636
7624
27233
31790
27757
17773
11563
3558
4932
32295
14196
7387
31532
11607
1393
28548
24468
13372
30894
4425
19982
6829
10230
29405
5462
21006
26226
25806
9615
9341
17940
8283
17871
9292
6455
21125
17118
12212
14207
23913
31547
23751
2567
17356
27744
24999
8891
29432
9543
19702
25346
24263
16941
8845
30113
9213
21910
12401
8156
9434
25233
12290
11741
21488
19517
1910
32346
8499
24204
16262
29043
15695
21575
359
16089
10046
32339
12540
30517
14361
28722
30538
13512
8494
21964
20780
16206
4180
22128
30280
10025
28283
10518
11329
7099
27783
15847
23087
276
21087
8447
28748
2253
17472
31345
30703
21043
29272
20363
24511
21929
26256
26972
22560
8007
25769
1140
21490
7367
4234
11755
379
674
20184
29093
20385
3190
5064
15827
21341
7339
5169
8125
8556
32598
3302
15808
28744
21597
5186
12946
5718
25821
10756
11726
14433
26568
31069
32172
15431
31187
328
26127
21490
19599
5914
26822
13450
20693
30554
25355
19945
24680
22738
9296
5712
10966
13798
25148
15960
27039
16421
11760
24875
8089
12830
20110
1267
26515
29557
9468
32659
5689
17206
31973
5014
13112
23656
28417
22884
3490
18662
14487
18620
28563
22122
11328
30302
13589
25067
8173
23048
19009
27945
31787
12452
21671
12934
20646
20160
3056
11031
4588
30526
1474
15099
25716
2637
30948
30699
6367
8344
15267
15891
15741
26301
372
1824
26899
19712
7130
14235
8924
24385
17034
22133
3021
22827
9934
25315
11549
19119
22055
15468
4101
24752
12342
20799
709
9728
29660
1739
12007
20620
10145
4234
25799
28371
24914
10525
16467
2461
12526
24990
2832
3561
12996
31538
32606
4903
3285
32477
20732
20903
23423
1947
7886
23890
20829
29356
12766
30872
3689
27183
11682
5033
29283
32242
5501
19432
28279
16009
19335
32668
6682
3741
27793
18921
3893
7815
11620
31488
20869
17949
7498
24722
17729
12492
29136
29322
30974
4072
16329
14331
18129
18239
17814
30807
4275
18420
10917
3299
7209
3467
22584
26215
20772
28992
20328
6954
24613
18333
8297
4381
5030
31819
26383
6231
20662
8233
28817
2497
2787
7579
28302
15891
12124
1829
23373
28927
19287
13368
29513
25771
29105
8267
26605
22885
9172
16430
12188
11667
16862
16795
5876
14824
17920
26895
30548
15838
20259
471
13979
28768
16082
5230
29747
2246
28244
22278
1871
21511
16152
3173
12912
10794
2647
17650
12334
22526
13300
13840
32053
20747
25767
7082
910
15816
12122
22543
2848
14863
9683
17921
4982
22477
8340
28936
31426
14846
15871
10253
5666
23513
23742
7715
7971
22599
5474
3496
6788
17818
30538
4493
7228
31100
3271
10482
3261
18725
27261
6390
21371
6610
19981
8397
2728
21874
4081
13331
8258
6050
27815
12127
2128
9947
26897
15132
25705
3562
22044
20628
17525
27041
14240
5454
25784
16077
4743
154
3340
27752
26162
32618
30061
3599
21784
2659
21435
25270
16560
25140
30396
2970
23698
26151
4705
14199
31961
14581
8522
3579
9163
10207
32651
28539
4796
2042
8881
23782
25135
32203
4864
7159
25919
25363
2559
27566
23613
16108
23095
23808
15003
1045
1079
9166
1032
2443
7387
29716
1245
29017
26830
16227
27064
29104
20814
26257
31334
13370
5679
13231
31751
16300
24867
12347
32364
8091
7736
11159
6340
16016
15778
1466
22904
9822
17083
4646
27987
6835
17480
10009
16870
16878
16894
11528
10027
20528
29509
16969
13416
26806
29499
18192
29782
10598
28156
26012
7299
5287
13089
27314
21493
19830
20870
587
19728
22967
8273
11402
14010
24264
22831
32496
18620
3164
10209
1491
28523
10631
21240
23052
23177
30741
25052
16113
29542
25120
25619
23683
32330
9698
15808
27112
27415
29639
7530
23579
6443
12998
32511
27874
4740
24306
24601
3584
551
13900
2431
7340
27074
10204
4591
26947
23184
14592
32283
26426
13693
21763
8689
6486
13963
15089
10015
3615
20340
32170
23767
146
5521
18998
13519
28950
18170
26712
4493
19121
10991
10598
18913
26748
20854
14679
1459
3924
30278
1566
22526
12243
2788
12599
14877
1150
11276
16255
19526
24640
1618
31560
32596
16664
28169
15533
3017
31502
11876
3107
23059
3947
21467
21329
16398
1065
30160
4130
14283
20393
17267
15896
29584
11428
22499
27107
29471
27236
6550
9010
32315
3380
10490
16585
10345
21269
8796
10963
16884
28850
14090
8058
23091
6806
25012
9654
14094
11933
14872
8802
26047
4520
11231
17301
18646
5525
5313
13871
18304
31599
3568
22962
520
26081
25780
26196
12190
20465
1618
14674
2392
23531
25395
15238
26230
3738
3394
5692
28138
19134
5526
10818
280
8379
27985
32062
17370
18063
19912
4420
26055
19462
27620
23208
4277
24369
31432
18449
8316
13588
16819
4303
2045
27295
18728
15727
1891
29152
25421
7820
6057
24438
5010
9704
12125
11337
6546
21947
17571
16248
9022
14922
12412
21651
27192
8636
22344
4619
16509
1577
14986
25574
20551
24053
22508
28343
4914
18012
31107
11982
17565
15437
23379
6060
21331
22396
18966
18362
5739
15283
7993
9274
18796
13416
15912
29053
5045
11925
30411
15190
7964
1220
29008
8656
470
20841
1836
24092
32663
15221
11612
5069
26105
28968
21489
16968
2082
17703
24267
27253
7585
8654
7077
15547
2202
18119
22866
25388
18211
1244
1093
15356
5101
27657
27735
6200
31271
8150
6085
21172
24735
17892
18296
21318
20523
17093
4234
21041
31047
14608
12037
28644
15615
32437
30190
29925
15632
31887
130
19976
14154
11320
2239
6372
12344
10273
1830
21639
12547
482
32704
2665
7316
21198
8287
927
24569
15051
5158
24145
522
16737
12363
5998
22092
19728
24092
23710
22293
9447
26176
14969
27377
12370
320
31478
6469
26932
20806
18470
29234
13365
10532
26402
11708
4958
17559
8002
17964
26339
21965
8591
4530
12351
3110
1147
8015
2950
30776
10192
23282
21239
28949
5351
15586
8401
24272
12058
2139
9065
3645
18555
23932
30584
29177
28359
8801
31929
29866
1173
1932
22708
16520
31443
11145
7124
8221
15987
8657
15552
23624
11874
24816
24040
15240
11706
23523
4446
1655
9784
19140
3816
13717
3824
26281
4179
11335
19263
7369
18442
9504
30210
31968
9703
13150
27909
26325
24136
32184
12479
15258
26470
5719
27708
5461
24802
5154
14682
19133
6561
20798
30008
16838
10202
29397
14572
21888
18285
7703
19060
21308
29303
32383
6639
21234
26659
344
7950
28383
5571
27263
10949
7794
5663
9834
326
14441
15116
32105
20527
24632
21825
3116
21762
25258
11879
9606
18391
17866
26991
368
24141
4100
15656
23889
31430
2696
15633
29053
23508
751
9324
24571
24558
20513
22419
139
12648
7798
3983
11751
28322
18203
25575
30794
8831
14008
9910
24879
8472
10063
18176
1115
7346
12648
11590
21021
1774
30827
18008
16085
4672
30285
12395
2995
26530
10862
15979
3265
25738
12226
17811
4132
29977
32304
26938
19103
24213
23351
22768
27992
3609
15831
13513
18655
16267
10671
3065
8556
4303
17763
10657
6248
21818
12352
9193
20271
15690
23331
24911
10005
9876
26774
2111
17063
10237
22589
3299
11315
11821
369
20796
17802
15425
8490
2930
25860
9408
32546
26216
17349
20177
28215
4244
8511
23467
11281
11534
16376
16460
25606
23270
8077
10094
22842
18107
6136
12215
31755
31369
14862
23088
28332
24515
6475
15608
15631
10146
25298
20026
19465
3516
26032
23388
17329
10456
28769
121
30985
15873
10133
13330
6880
18905
14900
15104
9718
13360
5791
6317
25698
25045
1337
20356
31793
6316
19494
1446
20816
27137
16466
25055
16044
5916
26549
13528
27287
9238
4310
17038
14958
3307
910
16386
10616
20687
12047
22835
1810
18374
31012
21321
24585
30319
4795
7955
5960
21536
30112
28595
29107
14136
28555
10648
6482
23473
24157
15789
23474
14325
423
17616
10120
5107
1388
28550
3480
5745
10792
7661
18645
15524
11792
13298
4554
28670
23452
32195
16696
11847
24899
14472
1537
30703
22149
4942
12868
30883
4655
15427
25546
7710
13787
20009
2977
4418
4790
12805
6406
17767
19334
18711
19337
4595
22507
29455
28779
2602
19684
17534
3915
1864
3734
395
18945
6349
20297
12519
29643
20249
32692
23299
9127
5176
5242
18816
17919
1791
17652
23271
29067
3160
10033
16026
884
2778
19771
11530
18101
1181
18332
28715
10951
844
12577
20517
19837
2683
10206
14413
23597
1083
22386
10323
4112
23532
30861
17852
18923
15187
27055
8595
4335
7661
17714
1628
30942
11906
6282
25162
13168
8956
8396
8626
20725
2682
12397
3518
29755
16801
8780
870
32178
306
32243
5788
29134
15074
12570
30151
7853
14438
621
8563
17658
12493
8592
19527
18449
18450
30815
30519
10596
11506
8570
7675
21277
18683
10241
1983
30213
14054
29852
4124
32420
29478
3007
31815
26026
31425
300
12424
24461
19551
17593
23022
12148
32672
11347
24642
8532
26291
24387
13369
28504
28197
1712
19949
5767
12022
26469
28558
24225
26354
18645
85
6473
19262
19804
5050
23657
26930
8136
28903
15315
2406
6680
11884
17956
18704
18820
13876
18670
23949
29629
17848
8214
13885
373
15986
5242
28820
29218
23189
3543
21102
15615
6651
7147
16035
17236
31583
6870
22492
14328
21964
30406
17829
8212
26197
21203
20419
20777
26119
5928
17351
4181
15388
10852
22755
14034
8305
23104
1533
32703
16955
14193
32258
25379
18165
26832
18045
8751
13725
14776
7272
26819
8735
26543
6977
10292
11538
29513
23137
3917
11170
30794
29834
17299
3021
20747
11711
16333
18643
2335
11096
31684
999
25397
29269
16712
5419
30272
8179
21107
10459
9686
4221
17714
15560
31190
26725
14336
4617
6478
13203
17397
26349
27804
3837
20480
3380
10963
4216
10609
12414
22112
24781
1466
24835
27885
15376
20854
13957
20101
19501
28842
8067
8185
4548
21579
12464
11395
20279
2305
2211
2730
10753
9003
7120
2149
30281
11299
31927
8835
24758
29891
29787
2890
27270
28968
32502
1119
27610
437
235
4070
4180
19803
18428
15593
484
4376
11453
4862
13791
2238
26696
24868
4178
21750
29235
29679
20885
644
31423
30437
547
5837
21842
1319
20648
17814
26408
11604
5724
13326
28229
27818
30096
27919
13486
25966
18054
27297
984
21646
18054
22720
27745
2694
15662
30047
13822
27520
3082
12716
2997
15039
23653
30870
14412
13629
24414
16012
1793
16275
21566
16008
7291
11034
18696
2125
23553
22096
18770
17389
11498
11389
28500
20109
13396
18582
2879
5228
22297
16225
21712
19490
6143
21722
23332
30502
9775
8406
9934
19347
12265
26342
16935
27436
19829
9598
7141
2973
6237
8278
30703
29700
17113
27153
25200
29615
17291
12573
22826
13863
26988
21466
7950
6254
27655
32766
28169
25478
19429
24888
31520
4146
5960
8979
191
30721
26396
18974
17230
6023
10282
10314
17414
17902
1167
28819
5635
1454
364
11746
2458
21144
9440
8498
8684
4377
14387
19186
