2235
701
31316
9131
29821
25586
22150
18403
13487
5903
29526
6977
22636
148
11728
9970
9022
30899
21746
14154
17460
30224
14689
31919
821
21958
25947
13235
22675
25770
4333
6272
8931
3539
9830
10617
28429
21082
27403
32030
1695
28254
8204
12080
14439
20299
12215
10518
3904
16220
15084
18816
27436
27231
6865
12106
12451
8121
10950
11171
555
30121
28316
8046
14377
12753
26881
18408
2807
6898
13887
16012
9014
6135
16167
12340
1126
16437
6215
3968
1460
16625
24932
18043
19730
15394
14628
11132
141
1145
6410
15691
8667
23199
11687
27269
18484
4030
32527
26690
11364
12610
32139
23540
15133
8673
18061
23699
8593
17368
13801
3831
2112
6264
5953
24965
28687
30946
3009
11021
26011
19471
30733
12531
32460
24083
3704
22669
22189
15522
18807
1997
31611
15571
27221
31008
764
3620
20520
1685
14609
32446
15107
12354
7311
21755
20333
25060
7755
25126
28178
15301
22132
12930
13241
25315
9254
32397
13686
7246
27451
16773
19745
14290
25701
6444
2566
3542
13178
21193
6622
5252
14350
18799
15871
20522
19527
31105
8399
8928
26093
28022
8062
16236
19905
26586
23541
17250
24848
28309
11017
15504
4487
7024
13045
7576
5961
21973
19975
26079
2367
22998
1433
166
20399
12402
14659
8055
9489
32019
17999
5059
6430
17498
17261
27593
18985
4127
9384
22201
18610
5300
23449
5146
22841
15210
18395
29289
2128
13911
3007
8451
17652
342
6464
22853
29981
29774
2873
8945
14484
19128
7893
14291
19973
17499
24903
19109
20053
17242
26044
13617
12853
2929
6030
20917
22008
1660
31931
907
28577
12857
31893
13065
11073
6990
32443
16551
24960
2446
30279
13151
7289
16760
11593
9818
24267
32512
25717
14792
24812
3475
6936
2832
14529
8533
4945
30761
8044
21933
26237
12871
18790
29955
15859
25531
1229
28104
1010
27924
4607
6327
8407
32139
27239
13403
6291
2718
27031
14802
7261
27386
3223
28368
25764
6302
15229
22759
26440
24126
20798
30213
15881
29669
21956
24126
20800
20191
7745
13003
6861
10454
18370
32339
5456
571
16391
27242
11164
9192
20626
28248
15464
25603
24574
23323
1608
12837
23954
26799
4060
11963
2838
10380
24647
20909
6373
369
7139
25662
18500
6240
22836
21044
2034
19177
16922
5688
16129
7852
21834
17791
14819
18970
23550
32426
28104
14971
26604
16363
1576
15157
28021
26730
28827
8779
20000
26855
23281
9764
26438
26528
22399
16526
30991
23413
7095
17154
31133
25162
3324
42
10374
22189
4020
11936
30344
26808
19614
26873
5496
15929
24677
28418
17532
24081
10614
3145
11386
27354
10255
18399
24784
28877
9369
16733
22598
19170
4152
24357
29248
25400
21408
12778
23609
21176
42
12659
27500
9206
5927
13979
16084
15703
23412
22173
15703
13945
24911
910
17471
7375
20584
5675
6633
27532
3131
9429
30913
15043
13982
19418
18030
27084
16534
19190
19273
18665
32111
7194
32276
1577
27660
26475
14313
24973
10875
30862
25712
27754
18380
6435
597
22542
26660
29839
2041
6054
28429
26879
104
22880
9232
27050
29836
6860
1414
22102
29856
23688
15787
27677
21990
14620
28148
13169
30877
25379
17571
3934
10798
20140
4248
21007
30630
2527
18282
31380
1128
2276
12726
32738
14628
26880
12727
19739
24323
28417
22551
21264
31524
17629
15109
21253
32332
14998
17288
18100
7385
3680
25875
2452
25336
6
29529
10074
22808
13194
2658
29632
19615
9996
15583
20358
4315
16364
31931
16055
19515
13107
29170
13358
9663
19759
13222
13912
26285
23646
6000
16700
25734
17294
2804
2488
18232
30529
11192
1549
32661
27222
4406
24478
516
11750
32047
12788
6518
18541
26179
15110
26268
2090
4287
24759
24408
21704
10678
12193
25201
17469
6227
14097
13194
30451
31085
26194
29525
32549
31068
20271
26628
22413
11
29107
10752
11580
25423
30003
2270
201
4983
29327
15503
25261
30245
13236
14038
20206
25436
3173
10495
27643
30937
12348
4559
12503
14247
10731
26551
13946
8174
22472
13132
14453
16140
4489
11772
2260
25574
23371
14585
31560
28032
18906
16506
2950
26572
31788
24355
17130
27328
20014
21953
8544
28587
10436
11067
3460
4297
4874
2246
4104
26389
26849
9815
24150
31326
23207
23390
30839
30621
6725
10161
24116
8582
22895
18630
8059
12125
32039
12070
19460
3595
10883
26654
1587
14193
4273
20408
15681
5116
5176
7914
21143
6778
16256
10764
11898
8748
7317
25487
2029
6940
23592
30445
25555
8368
28119
4060
3925
6784
28078
8647
6531
24421
2797
17278
4158
3794
19467
29485
1109
5224
21500
22155
6382
2500
3248
19283
8744
27292
23260
23544
5886
20234
16124
27797
23151
8231
1945
13346
8155
31452
30919
21998
28337
13557
3315
12105
2375
14455
13019
11649
15113
10548
11486
16401
20950
2204
30070
15124
18087
19414
19715
15872
22898
6160
21706
29328
9294
6419
23357
14338
27095
9754
15741
3715
8916
10468
541
22248
3863
31496
4393
15006
19877
11657
11622
20452
16407
28330
4828
20023
15680
515
24210
26382
22288
32469
9113
5832
14264
18587
20811
483
23055
30177
20181
12910
8501
6489
28659
18881
4982
8492
9979
31339
15473
16526
6173
24172
31353
6037
29161
32165
15163
3403
12049
6284
27553
4098
9585
2852
7927
12263
1612
23597
12621
18394
13273
19607
26908
10365
4094
31549
23596
31115
10331
28880
7092
17772
25482
10257
27588
25350
5029
26180
2528
12757
4617
30689
18157
23614
18522
9612
30802
5152
19144
30023
1111
32173
26512
3047
3536
15480
20421
17092
768
22222
15696
17845
5048
25418
14902
19772
21183
13476
27929
18685
1654
30666
3842
3701
27836
30770
28253
24552
30224
32366
9029
24475
15349
32001
22786
17220
13979
32625
20688
23487
30139
3997
482
17666
24771
1361
31399
21075
16947
29720
26444
2745
8775
11089
24962
18864
13526
31877
28033
22560
24186
15352
18509
4496
5361
12158
27448
27031
7875
24464
26792
26004
30245
32415
1562
24223
21278
23208
14183
8128
8424
3337
24390
13406
25241
23699
30995
31482
19203
1504
4047
20509
3032
24039
9831
25998
8210
717
30009
6601
5521
3839
8404
25517
6662
637
19967
9845
20241
22137
14078
489
10662
28448
9744
29397
24757
24504
31036
22459
12042
13547
4941
11717
27762
14690
24092
6653
16927
26774
16909
4800
32333
995
14044
15728
19238
32223
20890
21610
19683
12265
29682
10552
27445
3589
177
5895
18915
19687
14726
31067
13492
11853
10757
31489
655
26514
17394
20806
13281
22144
4285
14182
20543
30823
7241
15943
18253
22379
31985
17511
22750
25122
7373
10771
18524
24927
10289
5595
24427
72
17783
23874
969
6831
31231
26042
25720
17823
24691
4559
544
17972
5200
3746
5807
27312
30370
5529
8258
31180
12303
30293
4936
11340
5142
31972
30692
25814
18841
2104
30356
6660
23705
25816
6161
9912
7490
16342
15478
29872
28711
17921
3491
13658
29646
17243
28900
7401
8047
22222
15310
21416
16121
3610
12394
4494
28758
32274
1174
6163
1520
11016
30887
32323
29300
21894
16723
785
8662
32575
18639
23021
25493
15428
2868
9625
19008
9339
4647
5432
9273
31054
21433
22440
29113
21408
30860
22801
31764
28165
19768
32446
29246
24370
25324
21804
11918
22706
9049
25697
2499
15835
23499
7807
24389
9985
921
7321
9901
9449
16832
7621
18054
22656
30155
31859
1109
13005
18422
3581
13784
28965
1170
8319
6028
10654
18091
2792
27761
31686
13801
849
19217
14740
23476
12174
15295
7326
21403
9219
3101
23437
23287
17593
31713
13262
971
15538
9944
15243
3823
32633
20523
4058
12654
2300
29409
13108
18732
20382
15269
12328
17612
7305
20425
21584
17104
15937
1420
6021
11266
18815
29080
847
19731
23612
28111
11935
13187
5900
32071
8641
20928
16557
12691
13964
11922
18400
30021
18652
9142
6007
24496
19266
28618
28848
30195
5113
8041
16321
32051
30236
4502
7860
16935
31511
7006
31349
31194
20572
3769
3626
8108
15703
10418
10434
29850
13731
10951
28881
960
23422
9107
6811
20508
1658
10922
17518
3989
8822
5061
27958
5948
31437
23839
14667
23761
17869
23838
31117
12681
1131
29494
10419
6670
2612
16395
21216
26568
16775
10453
7031
30555
2
10761
21809
14449
32570
15670
24685
25273
19887
22060
17351
31792
19455
15204
13035
5279
2649
15772
30636
23140
6709
4802
29008
27766
10306
22547
7726
3492
29344
32644
25468
7453
28496
11361
1890
30773
14057
17204
4434
10598
1932
12520
1180
2197
29721
11566
10557
12439
5027
31776
22264
28148
17698
29476
30377
2795
23400
17684
11733
7350
17751
22940
26757
13839
1616
13283
13653
8946
4846
11373
10184
4517
26101
576
13534
19702
24965
1861
15849
27588
20628
27634
15772
6592
7323
28198
19301
23925
2958
28500
26877
32646
6674
13796
20029
30519
17899
24022
10035
47
23731
15529
30837
15741
8914
15483
7605
3544
26282
29297
5782
29995
21522
29785
5566
16209
7174
12686
1580
16412
17564
21276
31436
21661
13626
26405
15433
2463
21255
23428
26915
2933
16799
2991
23553
17142
7179
26082
19528
17349
14832
27514
23788
28630
21766
4255
3463
29741
8908
16165
16808
745
13947
180
21101
28290
16184
5159
24148
2639
30349
29235
19278
29771
21274
1353
12053
11288
21384
6333
4544
6980
30143
17191
16021
29388
11865
20490
5918
478
29782
27827
7295
27107
13585
7268
8966
21437
17522
14258
25604
2637
7526
31532
25051
7737
1676
26941
21081
30444
28466
852
836
29918
6271
7745
27958
2325
24305
21987
26795
26092
14347
25600
14681
11539
14407
24180
25536
16087
13650
8334
257
3747
22648
25527
1267
8391
13661
19284
10868
5497
14575
26606
31229
25881
1176
30096
7802
12730
2488
22897
31832
20957
31058
8915
16095
30847
23558
4907
20418
7767
26175
29058
27892
4185
23725
11547
20670
18302
7414
4950
8207
28103
7848
7380
4883
13440
115
5596
3078
24514
30101
9726
4171
11067
10133
31478
22456
27697
24628
6867
26165
5317
4001
8536
25477
31861
748
27810
9571
4581
24253
32011
8145
23007
12870
3151
12205
24472
13942
8173
29573
31285
3439
6864
9900
2957
5691
4655
12941
7217
10426
27058
27200
30890
19935
31446
9307
13313
18460
19346
9995
13189
27
6203
6755
10184
10671
13477
29939
5867
13578
2187
5789
23579
24624
11056
1444
16476
31916
25159
518
4229
15745
2064
25356
21644
8547
7365
29471
3076
19751
1844
15837
5092
27257
18605
1132
6538
24269
10270
19470
16128
28312
6269
15094
21629
8383
24166
14171
19247
30287
14598
31946
17719
19056
4663
7104
26358
28308
31212
6008
19847
22260
28880
5634
20108
27453
17962
22165
25902
20358
3332
25126
28767
14726
27788
10809
9826
9732
20410
2552
24974
654
14387
23938
10831
8046
14446
9093
8813
32218
22805
23823
13713
20075
28078
8097
13061
13265
7290
3462
13499
7620
7581
10338
30609
20541
30080
12814
2259
27367
11892
4003
27905
1232
21912
25301
9171
12389
16124
19843
11643
31645
21766
5003
29994
16500
30485
3811
17621
22939
11109
10726
9785
3950
10291
21483
21789
20774
30753
9244
9943
3664
15835
7814
2833
17534
23291
20332
2509
5436
32298
12513
25255
30789
23688
3734
12634
24055
6735
23536
15238
22021
9907
12381
19377
3692
3852
24041
15755
16040
3382
22028
8054
21287
21816
20678
3397
27902
26149
27118
10308
2523
25152
10440
20601
26682
12899
9685
810
31708
30882
17135
672
1653
5675
10645
11050
10406
18544
899
6500
32554
8585
8581
1464
8276
24531
1166
31014
3513
26846
32004
16193
28202
27526
21599
14714
9189
27999
13554
30625
4875
18263
17416
14761
11349
21910
8755
16044
4099
24233
17889
1326
23830
30176
25648
24742
191
23796
23556
2107
6679
10477
22358
715
17936
11843
5839
5169
26540
30788
7061
4040
16493
20405
9061
13355
27916
5308
10978
29759
6766
28670
27180
20852
1747
7940
32693
11079
9041
24547
15696
10252
27009
16412
19339
6890
14712
21185
5951
2855
21496
4569
15717
16549
17640
28422
26923
31149
20994
22373
22600
11756
16844
11958
31116
699
3785
1469
22971
21668
23280
4071
21147
31265
14173
7217
12364
9126
5191
5446
16600
31970
27954
19687
523
29507
1381
5776
24965
17848
18591
30041
17165
16826
9222
24858
16680
20877
27488
26322
23530
16323
7813
10314
2573
21507
8980
32501
24640
11528
18022
17947
17089
31724
7104
4150
21806
1191
2765
19357
7321
2003
8779
6751
2010
31154
772
24946
21033
10865
30464
21261
29676
17326
2297
30802
5581
16185
12303
32304
14864
15127
25533
18824
4131
20173
11276
5774
9847
17883
518
10099
28303
25478
5230
17985
18263
5082
17582
7686
438
11760
28689
12084
4966
11117
22834
25416
27652
31051
17845
938
8291
17884
9268
6100
24614
28683
20092
28343
27022
31718
15354
22362
28560
12377
14448
19653
9771
16956
29420
6429
26872
12433
30971
13328
12291
13830
29210
24692
18137
29634
12141
19754
31202
14685
25524
15689
11761
3632
6010
31608
5658
24528
11663
7324
31684
31189
3001
21940
19710
10976
15271
26880
25879
15068
6182
28265
17256
5763
23192
31517
9333
21540
7329
27770
12597
30116
8739
23085
14509
3012
32621
29595
10180
7841
28591
19584
13138
32641
28593
23765
26746
26572
28869
14328
5946
2393
14331
16135
19264
29675
15763
21132
18175
29692
8376
18272
13571
20153
875
8905
897
32589
25277
25062
7731
22882
16193
20557
31330
13541
10689
12786
10565
1802
2096
17483
25737
3217
9952
23217
18737
26951
27125
6666
13472
24783
13082
6053
30708
3234
20338
24421
21910
13141
465
9506
32015
9499
32045
9548
31006
16778
25423
30929
17415
2722
7118
24641
30253
26891
5950
18993
17123
1438
21157
6365
14208
23591
12078
27409
28849
27497
29218
27721
14868
9827
275
28695
19458
2770
11867
23749
7084
247
10693
10555
29033
26778
27017
29220
14670
30543
8062
27213
16896
19448
3723
10829
24006
23435
21598
9067
6626
6934
31585
14780
34
2816
26858
18828
5810
1937
31667
7167
4660
692
28297
3832
28178
2812
21320
29754
24339
17382
14854
27598
21549
13150
22671
15780
31131
2180
17938
30333
29231
16303
7961
19463
15080
18354
9662
3146
27847
3167
12828
7236
20703
2634
1797
18896
31404
20432
24307
29901
23717
3927
17728
21371
2836
9942
3993
22056
8486
16537
2992
28173
31806
28990
13617
15219
16783
30468
2040
26394
25066
32325
17025
10970
4052
3904
11423
19851
23516
2332
13937
5667
27436
20010
914
31262
31837
1387
13969
2851
11920
5458
4257
26596
16058
15306
14737
13382
12095
26491
17406
23746
3523
13897
16839
10506
19260
15646
31937
25072
23116
31978
10156
3716
1999
10472
7014
3197
16816
8738
29791
2011
16384
19511
9293
5578
17481
8028
19489
30408
25375
7073
29241
17418
3065
374
26839
3100
17215
29549
30930
8905
17060
25921
9355
10298
29622
31768
5923
2914
30899
17413
5099
2969
14239
24273
31260
32134
7059
4091
12489
22339
88
18941
3857
18364
31797
8401
5273
23896
31748
17844
1594
32732
25995
28714
17142
16780
13322
22594
25905
19347
17169
9755
1053
27044
15252
31399
10615
30946
22337
30127
20337
15869
28177
23831
31471
26270
542
18788
17909
14854
15796
31611
28256
15602
6058
16299
15573
19649
4595
494
22520
30168
18032
30572
22494
2374
13832
321
11716
13732
3579
11392
13313
10047
22387
29560
31289
29562
17757
9270
8660
21357
5238
4171
24238
29138
12713
27087
28688
20514
6808
29093
9696
1787
11385
23297
17940
26053
21795
2088
26220
13717
23144
1143
3681
9041
11174
24487
13657
5398
29081
20047
28956
28374
20595
13226
26763
2630
4143
30875
24208
26103
7970
21486
26961
20418
8915
26593
10665
3690
2828
22755
5848
20093
23345
16795
12921
22139
7633
10284
14517
17978
13947
22712
8375
25993
1491
18723
351
17940
5092
27161
11835
15496
13496
2386
8371
29943
23334
10516
387
9853
3564
28922
26223
10788
13054
7157
6193
30981
9501
1936
29879
21936
18346
18552
16779
9422
3261
26683
659
14597
8562
12368
10490
5660
13443
9816
11886
28512
2844
7587
28812
25926
22506
502
24728
18001
2166
16267
23410
22326
31921
27738
15813
26175
23759
5783
2178
11757
345
23676
10637
19169
8574
12616
15542
18684
15275
29576
22762
3014
27739
14485
15786
5644
10031
29022
29885
29902
1601
19559
15394
20824
9142
30994
19529
28334
12690
12318
20099
5677
17360
9581
6070
14192
179
18186
31573
16241
11095
28010
19087
27376
15499
24818
21447
6169
32227
22714
30277
23393
23304
22161
7723
23473
23891
1089
15530
14790
1434
30228
4213
1752
30794
30358
21110
3705
12214
16285
6849
30657
10415
17543
4550
424
15701
29123
16842
24243
8748
1427
7320
29651
14707
26127
2419
32394
12465
6254
3920
26191
7312
15745
28482
15668
1774
14208
17206
13254
9010
23817
29920
1076
7388
23910
8437
6324
13409
14863
15003
28963
7733
31087
798
3051
22569
30443
10724
22058
26871
29729
10403
26385
15899
20333
12241
2698
7141
946
14172
24349
21453
21847
1948
2836
13574
20623
20102
19677
27478
31966
5410
27313
16420
27097
10559
17779
29139
31021
20325
4827
5454
2530
20747
723
13796
26849
15114
21537
10071
10932
24658
7239
15919
21134
29915
18087
25172
27275
21727
3819
12252
28984
19527
31396
6690
16470
29283
5681
17688
20699
28125
30947
2270
58
13552
21599
21395
15076
7637
4931
23915
12303
21374
19212
25345
29366
647
1335
23023
11233
21098
9126
21405
16934
32498
25670
598
6768
9714
18415
5281
22015
7478
24715
23246
12720
25786
19067
27343
27263
2330
21814
13897
19274
2634
7987
18155
18392
6791
10506
5375
18713
18829
9174
11326
3759
28683
32477
4841
18862
28500
30835
10005
21664
6487
13851
26183
11469
21713
10224
21312
4281
20929
15171
28186
26605
25117
8326
29332
22522
19139
10344
20651
10940
8370
31810
4970
27100
1658
13746
10754
21400
24049
6533
18205
3271
16936
31195
19056
13335
23965
901
26767
15002
28850
31410
1286
9601
7262
10955
29349
7463
17699
3483
3611
27985
8768
28083
26311
23220
19751
2061
27082
29111
25905
28911
17249
12923
7057
16402
27250
15896
15239
18436
2660
26922
726
23755
16180
22413
24183
28107
22469
1380
24463
30442
4728
24928
31903
3313
2045
23615
29434
2357
14441
4498
23677
6264
28296
28100
19834
12554
28020
30040
3829
13363
7270
4466
18707
16086
9421
1433
12751
27982
13981
29371
5103
5788
26346
2929
16950
17092
23733
23941
19164
24692
16390
21682
32571
32231
7995
23210
9163
2313
16031
14430
23632
23260
1598
7289
10322
4634
504
27437
974
284
10197
15155
43
13050
22680
9229
26991
19444
20119
16783
19379
18704
28361
4253
27861
25349
12321
2358
3692
6232
3354
6578
3073
8901
13204
26439
10620
23520
26334
30674
9692
21756
18452
10452
26155
9804
30891
6075
19633
14664
19274
24420
4201
4690
30427
20189
10417
23962
32739
32111
8517
17215
19470
24540
27246
18103
5135
17125
31095
13680
10150
20239
19809
26807
14338
31143
11224
24282
7242
1796
10853
28553
17527
524
22500
8066
20068
19706
6713
22382
28968
12126
5183
517
12963
1380
10241
21881
6999
29786
26925
19474
23673
18541
5061
4117
7240
24499
23320
24299
23710
18031
9457
10111
12229
26768
1294
26600
12171
31866
3283
3656
27289
2825
17216
24820
15360
14547
22817
12757
16661
13486
28036
24846
24959
28531
30320
29406
7566
257
8660
15560
5839
24196
17086
28146
1757
17911
7885
30412
6265
743
12265
5105
22237
28794
11825
82
10062
23729
30261
4753
241
12522
8038
18859
22239
937
22219
3290
26747
30615
20981
8890
27652
3019
28212
9130
18278
16713
20491
27509
19286
14792
5858
20018
9373
13241
30971
5224
30644
1924
23463
630
23186
2581
15290
28466
8386
30871
31292
11729
11704
20863
24929
20231
16741
16077
30139
32110
29449
30094
26543
31020
20041
11942
14630
30417
18049
7372
27524
25982
29787
982
18910
24652
20897
21815
9064
20203
26447
30150
2604
31114
8685
4289
27138
5111
16411
7185
3004
1032
3950
29135
22689
26425
27514
8968
29213
7062
13104
26557
29110
20444
10347
20526
25922
24283
28101
7001
23383
31262
5807
22205
5124
26574
32193
11107
10686
22484
21838
31775
18077
5182
9788
14612
14793
4324
12562
3190
303
7755
25939
17556
7032
17353
25355
7957
13883
1258
15015
22913
3185
5651
24329
11012
2346
17509
32220
2927
639
5348
12837
27520
8392
24281
17691
16995
17935
25973
28985
5240
2500
13494
23441
22359
7345
17807
14179
22290
10545
11587
18414
186
925
23570
13446
13860
16136
12055
25319
3820
31276
22897
19401
10939
30883
26785
32181
30918
23643
26675
16918
6295
4932
26785
6291
14352
19787
28020
31900
4781
3724
1708
10563
30217
12739
6498
20302
28580
28420
7084
29066
2019
15021
18369
23394
11864
4248
2653
26031
15172
32661
12391
32210
10842
2327
6098
8961
29382
10541
26561
19934
8302
6836
5102
30286
4728
11212
12108
11144
780
13960
20971
29292
15451
4586
5660
24087
7904
3854
28887
5812
23781
22181
26969
17044
3914
15013
29713
1410
1922
20543
29885
2640
734
26130
11217
19126
8974
10910
4888
2397
20453
5883
28061
12854
26204
29130
3788
5392
22746
32365
7381
11882
9394
11379
21073
29317
16621
23382
808
20158
27211
1641
26802
21787
28804
27916
31004
17956
26835
2850
19982
27892
27061
30149
24202
399
13295
28728
4120
1398
27854
19740
25376
20089
19890
28647
16023
13261
27854
659
7901
4446
809
13203
11238
5478
21480
4107
31385
3135
6352
20032
32117
7798
6151
7246
26746
13600
18202
18201
3143
30833
8004
19845
27776
7306
1774
13290
5490
28819
29810
11202
29946
25610
11812
25509
15010
30298
19347
4984
782
17584
23564
6369
21143
10762
22112
14333
9013
9617
13799
21590
2466
31528
26821
13839
13756
16965
29548
12130
21036
22271
28003
13901
1861
24937
15173
18055
9518
26399
10764
8121
14660
6942
20367
13291
4794
24537
21578
23100
31362
12169
2654
6615
8817
24260
30168
8482
3998
27985
10806
15673
1035
22843
8488
26010
11143
10276
28307
12322
4050
6876
30171
16696
6147
16178
1122
3144
5927
21514
30028
30835
11819
13232
17030
15748
1276
14444
9990
3366
7916
20311
13908
23637
20056
11628
3401
24851
2951
23266
22
6236
13014
2234
27017
26715
28178
25748
32652
13022
19750
24262
20719
27656
20982
5807
20583
2373
29578
24905
4310
23683
23663
7678
5836
12192
26714
19901
25422
13342
9487
8268
7127
6942
23169
27616
29597
27020
24123
17131
14869
23703
13822
7221
12985
29284
19884
16686
6665
27395
17508
30339
31696
21922
5359
4847
16040
32256
7515
30804
2240
20005
18917
8970
25053
30801
26397
17270
13983
32050
24388
5599
8454
25177
26361
27774
6708
11503
23829
8148
31093
29860
25043
22849
25724
8937
26932
27601
5360
12895
19617
12121
5927
655
8146
4547
26161
5083
19696
21158
2328
16308
15350
7450
5478
16654
2397
29642
15080
8465
4088
9034
15538
23570
18973
11947
31587
21185
19973
27213
29866
23460
26997
14581
23561
2244
8350
7967
12505
30118
5187
8342
30095
12668
4889
7233
27709
6557
23155
6720
31836
14387
18974
16440
9672
31539
3978
24554
9484
22419
3115
21515
11488
11447
31519
8015
22768
31788
6673
456
15839
18840
22877
30830
14988
14065
22389
23295
28308
12526
11139
3081
31256
16315
17232
28484
27328
20465
22628
6694
31231
1989
16495
29362
153
31872
7399
12433
17251
23599
11763
29795
32074
24475
19592
26967
19095
6267
20433
9465
22898
28649
25045
14668
932
26899
1876
11545
13729
31795
24305
20102
18117
7617
23447
5098
9950
17894
32277
32480
1259
3125
21003
13723
21283
11158
12810
18041
19513
642
5879
18906
24031
25462
30384
22066
7305
18849
30194
31325
9331
17888
29051
12851
3045
14317
8811
2397
19126
10196
25072
24679
15119
21414
20514
2069
6001
17776
25132
9979
6649
1390
7085
7496
8419
15485
30558
23267
31822
23247
17140
23481
18750
5858
29256
15957
32231
22707
11701
10417
2857
25903
8129
28491
14167
24042
17920
12924
5692
26899
18742
26117
16992
5544
8380
30443
15239
20454
1317
902
3707
31236
30240
22996
10763
32032
22432
12307
1364
26234
27195
19342
31551
25824
8912
2487
32587
14953
9581
32630
3981
30310
26480
8897
2037
2966
15596
12909
15058
5785
21838
20547
29336
26791
27456
343
16609
10882
11213
2197
16051
11177
6342
20381
8705
12751
27237
20945
19572
23691
13361
15787
14187
29009
20769
16469
24896
9121
23300
12147
8141
11646
12576
1347
31790
19490
21018
25321
31689
29936
3350
3332
31372
22186
19998
5765
31350
31460
2504
11713
3161
7097
3091
16325
13790
444
11923
26089
30921
32305
14798
20904
24446
21886
30181
10926
12996
11740
11895
4915
15562
22098
11714
18056
15720
31204
29451
1519
29606
4872
10304
18352
24706
13145
6877
23657
9966
29583
15372
32422
11545
8111
27664
177
25327
29567
5347
3244
20963
31549
22558
10972
23020
27792
21530
584
16333
3007
17493
1923
28826
28961
279
3526
7800
17109
8789
28225
6820
14002
18901
14771
4279
28801
22675
10297
1832
4202
4964
15203
18706
1453
31449
18061
7479
31123
23142
20845
28230
26275
21187
2280
18521
12312
25491
12842
20418
19859
14404
21493
5383
24334
15414
2617
27179
15633
14879
14310
7471
22824
2734
2814
15321
660
5742
1774
17588
25409
12014
2334
26968
18680
799
31687
17899
3798
13053
11013
12776
15101
18033
28717
3615
9353
2934
10080
13310
13766
8060
9056
27150
7840
10249
5027
448
2906
32422
4262
618
13187
21497
17028
1421
21798
3631
21959
10329
28738
26269
12926
13939
22137
2726
10640
29173
25356
17375
3151
7351
28423
27505
25168
9933
21945
11455
12667
9808
7527
23369
3166
31842
6210
24528
23238
19308
4501
188
4241
8874
23363
2490
18110
746
20337
5801
27334
8336
6784
1463
30767
1758
24894
21703
28766
114
5981
28183
1197
26896
6692
10271
9917
19618
25444
31932
29454
30589
26798
15245
10700
23526
31427
15261
10732
28885
14668
20547
8824
28153
28363
1351
28199
2299
26834
26182
19761
6151
8307
21848
29025
15753
18167
13551
4204
308
2770
26883
28801
31305
10455
29548
8993
28438
7593
12175
25137
3517
2930
28988
17230
8758
10199
2775
13664
28055
17963
32438
31858
659
20962
24523
8129
19265
19785
9603
32274
7199
10357
30445
31817
30807
1145
12575
568
27457
14045
11478
14773
6952
8523
1884
17391
31057
12682
29359
22786
13113
7601
20703
1480
18719
12436
7864
31730
28098
14979
29089
10328
4972
31284
3268
910
18991
4605
20847
20664
21359
23878
3770
16031
3745
14911
29803
7940
9041
7118
11542
10292
3178
30668
25481
29916
26802
25968
14183
13855
13460
11
25874
19430
20770
25078
9422
14199
31834
19401
1316
7242
7848
19406
17541
17175
4525
31158
28208
21300
17471
6794
15958
13854
24497
16612
4475
22870
21076
15710
25375
17006
25405
29515
8094
10595
13129
26021
19797
3373
20319
4167
20742
30357
14325
24924
20861
23879
470
26392
32372
25384
29730
1446
16053
23017
18326
18785
2430
18141
27405
10566
28457
22791
28999
19881
5388
1400
3050
12072
10399
15832
14278
8670
3548
30018
32349
8409
19692
26453
28835
28109
767
21895
16130
22793
23164
11965
4769
17835
20058
21785
3046
15888
15565
30227
2618
11407
3366
10444
8460
3175
27892
18078
24088
9973
26736
12792
17641
12587
25112
32617
9116
23869
11673
13562
9448
13469
20978
5057
17243
20010
14039
8115
486
13477
16723
22970
3484
4452
9138
24584
11447
28490
25758
26794
7900
10742
24968
19040
21152
23867
20554
1964
5194
26832
1034
4137
6618
23625
31073
11294
4171
24390
28092
18003
3606
27115
1539
2083
3831
24976
18553
31699
23795
28089
28132
10530
2714
6472
19949
24609
25226
5105
27337
9797
28724
10223
24601
31163
1507
14325
14607
24315
25594
22888
29139
27808
25980
24267
10277
18807
21970
26235
16195
20694
21449
16796
31501
20783
26075
18259
22119
6372
9135
26677
6367
17757
6371
5632
28560
2137
17672
21385
3397
22401
23790
246
5602
14915
12578
14381
22784
10717
23990
19853
8152
14264
10048
18651
4706
28152
10533
27263
30654
7761
14616
4336
21970
4892
9181
4717
13365
22186
10067
24302
1611
1240
19889
32346
178
23267
3600
16122
24029
31102
22058
10286
22015
3362
24929
1374
20011
20646
259
7476
697
7695
14796
26888
12523
425
23212
24732
977
855
28875
11786
18537
6695
15563
24058
11531
32297
3405
24600
4100
19586
8886
27590
8578
12732
51
7437
23728
3680
19962
24026
7201
18887
12499
28519
19826
18221
15063
10231
2091
12551
22904
14534
3047
3734
25794
4160
27061
22461
13281
11377
23741
31504
23266
29117
5671
2605
30142
22993
56
79
9364
3801
15550
22304
7478
18163
25263
24015
30183
29668
16141
1635
3427
6923
7436
7503
13344
27027
22903
8006
31444
22764
17744
8528
18999
30587
7095
32542
10250
10640
3852
17306
19800
30361
12632
32707
29180
13974
15337
952
29027
13261
31293
11794
11411
5311
23586
17783
19820
8794
29466
4205
20270
15984
24324
8043
28732
7784
28153
32054
28960
7732
29557
14699
17614
16259
6839
343
5677
10551
14442
15119
18131
15129
24452
22205
19216
2507
15727
19001
1839
22271
359
27353
4600
23015
21283
6537
122
27628
7351
29982
7943
28067
11193
1767
15231
30717
28066
7557
25810
11710
19320
18941
17344
16688
26794
13068
28899
536
18748
12987
27632
2025
8995
29234
6202
19512
24307
30673
25207
18800
2999
23421
29639
29127
18976
5432
5618
4720
29411
6645
11505
30482
31836
15018
27057
24954
25463
31142
6675
10637
7120
18981
14903
6528
19225
28194
11002
23115
21437
26220
12733
1114
29378
10492
9577
10374
29940
4486
27823
25925
18240
16462
12693
23581
26206
23357
28206
7007
29107
25908
13992
20497
25973
8096
25741
21548
16400
10831
1858
27912
5832
21890
15828
19988
23968
23107
24051
13258
26235
27896
3135
10978
23426
24121
10691
22470
14533
15839
15039
21063
2341
13405
10923
27022
27249
1620
4472
25685
7375
30305
24089
4439
8542
31034
2626
15364
11289
28665
15216
22906
27903
23735
29993
433
29809
17757
16517
2293
14043
14519
27885
19866
29590
10698
20003
3563
781
5480
7042
23139
20511
9729
21640
30752
197
18876
20113
18324
4597
28358
20453
894
27334
23018
23541
27672
10964
19299
5346
12946
14310
26094
22079
14528
20174
3107
27928
30992
7057
10244
4403
10942
7368
4311
917
30283
22086
817
30280
20011
5883
24404
8540
16318
22040
8634
10540
20609
27508
18930
14819
15238
10031
9131
31806
8993
3221
9743
18323
2789
13381
23890
13586
11726
6546
4746
30795
1216
22313
9665
8432
4400
5876
20040
10716
16417
14655
13647
31061
31059
30490
7859
13966
11959
1022
5143
6256
37
29363
17974
4506
18257
24944
6263
32167
8188
12613
2755
13231
16487
19638
30099
8720
13837
16809
19533
22382
23185
12930
22992
7416
5366
25228
11085
1517
15118
24987
7514
6239
10037
6895
16193
29496
22079
19292
158
5498
8622
8872
23849
10955
27176
5173
31440
304
17961
6879
