28169
3097
2294
29736
6246
6302
13778
5779
21865
5896
13171
26445
27035
7571
21431
29458
26584
2162
916
11855
237
23316
14157
132
29029
18086
26348
7917
415
31193
12012
31329
19492
7653
26934
17530
15928
9422
21071
20470
1711
19685
3791
20573
26370
32147
9493
15588
6818
24914
16185
23186
18572
24828
18754
12705
13086
25672
16281
29223
6697
31633
16830
3062
839
22234
15674
32192
23663
11792
17621
8063
11462
32398
26632
27667
18360
16871
7861
3629
13896
479
7446
13421
19108
28090
9204
28871
4605
21690
8473
10027
6293
10723
13319
20325
13338
29953
27370
3650
18482
21740
19404
27124
14679
30475
32264
7607
485
10263
10241
20661
7537
25121
21779
13351
15965
31703
30666
19646
425
23811
23634
27457
5388
23636
7983
6263
836
10849
31790
30791
6826
28139
2460
26654
8713
30050
13237
23697
20400
8619
3167
16964
14022
28193
17177
26122
7902
14810
22830
10317
31179
13867
26158
32689
27574
7790
158
3828
6510
7426
7919
21017
12542
404
1197
9925
24709
11421
4089
13289
12098
21548
31545
29857
27887
1510
26382
27228
11088
2635
16519
14910
30219
3387
22420
14786
15546
12216
14781
11940
9023
26349
9491
17918
11351
19567
10087
1713
29299
17348
15803
17158
25283
6434
2038
19861
11923
32120
25820
30054
26330
947
2620
3415
30224
826
28011
701
27713
954
4082
18254
20832
5673
1156
4671
29149
16133
16435
15529
22905
21981
3043
15665
28762
32275
10750
1768
28250
7392
1129
20336
6309
28824
30391
97
32131
11568
2205
22506
8818
16893
11430
31932
22648
11454
22312
2339
10935
32221
375
20854
6978
29170
27992
27058
8751
17545
15545
11874
8942
8229
12703
21698
19417
20357
10847
17955
5131
5157
11793
19089
19318
17928
7490
18100
28976
8373
23273
4340
17422
24960
412
8672
16756
6922
30980
9169
1643
25099
32655
9674
18164
14159
31844
30115
20381
21247
11676
25959
17745
13602
1711
32762
6004
8035
21292
28927
22576
23573
29102
9208
28425
30324
15115
24239
22968
18478
27086
23254
28470
34
5608
8938
22807
1639
6306
13917
14105
24976
27862
14579
8445
302
24415
12653
31381
4503
9166
7013
19999
15590
8542
20601
8401
32067
3115
3243
30133
25701
7838
4616
29367
31828
1836
12168
23549
9588
24128
12086
22902
5567
14453
28560
15030
23890
10505
11313
11521
5163
18575
14765
6053
5425
5091
14525
4749
27252
14179
1180
11028
20151
6748
24752
27415
26668
16067
10605
22094
8318
18726
3191
20956
15892
17633
3078
10788
8853
30869
20879
10975
21159
24278
5025
32107
11005
5924
4877
16742
26256
25373
29513
4988
23084
1008
29206
30333
2351
3093
16993
21171
30606
31036
3687
32626
23832
10883
25885
2800
7679
1771
5839
13399
11412
26637
17671
19481
14418
7433
10672
28292
19998
6592
22907
19606
19917
9795
1410
30482
22759
8842
44
24531
7850
12906
2384
1377
10578
26049
9629
31938
4248
12532
1337
19859
13689
18843
15784
21591
27448
15226
23280
7950
12710
18868
3066
30730
25761
28731
28220
4862
1243
6539
15509
4184
32221
23704
25976
19152
3403
22276
19533
9025
12137
30614
14868
16056
13534
19688
16716
27339
26040
11359
6419
7213
21937
17760
13198
15231
19888
29889
5003
13416
28307
27774
9573
31463
28972
942
7976
31464
10121
17077
11254
9750
9081
32698
26282
5105
9803
8028
26554
26656
15833
19872
27234
29448
12998
17198
19711
16541
11267
27326
28857
2424
11160
31437
15460
14891
18593
22420
18088
1233
19094
20794
27488
12521
2512
4681
20545
7524
14665
21087
7356
10492
32164
8486
26917
29896
30061
23941
10516
13581
5793
11544
5388
1112
1393
2014
22362
27849
18499
11314
64
7090
31994
3837
1363
29537
29559
7209
20514
28473
20831
23385
8216
3592
8991
19671
17316
13972
32302
4813
27798
19063
6290
15033
9165
23341
31142
15131
8207
13676
10266
31088
1080
14003
31035
27748
18583
8486
25973
11844
21397
24985
1558
5042
1431
31723
8276
6812
15398
4501
24978
17775
4174
13954
12511
13959
21571
2082
14784
8171
5195
15034
5167
23351
7895
4350
11747
15833
22515
29153
22738
32128
23521
4268
8949
14546
13569
23373
23371
30814
10485
8946
26656
15313
24833
13015
21135
26476
29112
18780
11078
9653
1493
10075
11401
4461
12391
10680
15738
15299
10801
8506
14999
25287
32336
23705
10116
27681
27166
6360
11787
30723
29783
19412
3681
8284
32634
32030
25770
14415
23410
8454
26560
8163
6774
10744
1328
32764
11566
17420
32390
650
2583
28376
27595
23296
25640
27017
18251
13064
13494
9522
26268
20340
7317
12643
1243
376
24704
22270
16953
14359
1210
21830
15542
17884
19446
30009
9773
11978
7541
26400
31633
4757
5742
7780
16758
1811
19122
8099
27091
30445
30864
29955
18182
22682
13302
15558
12312
20878
19674
1567
14915
6574
29912
28740
11185
13064
26653
16325
2951
18881
7555
24092
29474
20558
16893
30597
1184
11239
822
11024
10915
1337
28021
244
1361
4444
24772
6950
10400
26372
24913
21546
4048
13307
18196
16426
27193
26319
4274
17477
9542
8392
23970
14377
22466
1052
21390
17892
29266
12902
29436
31735
22851
3925
7981
17836
19334
7073
23877
15786
15097
31812
3757
3783
31209
486
10934
22301
25044
17561
15231
16736
22387
10182
8728
18543
20471
23143
26087
22824
15252
10103
4939
18049
31036
10919
28032
17364
14253
15699
30659
22907
26541
12212
6582
1949
9108
8791
25349
2887
12300
5070
12874
31167
31253
30373
17198
9749
13900
25496
26577
1274
1388
15362
29037
725
16917
20633
3126
20
23500
24665
4740
26560
25412
958
6963
5205
11227
22582
18250
30416
9832
32726
4828
13321
22836
18764
11564
11331
6470
5141
7188
8450
26852
17648
11944
27933
8022
24210
790
787
15853
4763
9169
9634
5700
24265
32750
3734
9670
2667
17102
30688
19056
6169
20221
15079
13528
32675
24666
31267
15215
17479
6520
2279
29443
15143
69
1406
12424
5626
11753
22906
22551
1537
13809
5193
7479
2876
2221
21513
6236
17375
21718
12445
21933
20480
11380
23809
16650
7570
28927
29402
4942
12438
19141
7250
9425
15248
12171
4130
18738
7224
15479
5104
6227
4211
26414
30940
18596
14209
19001
18006
32421
13176
4269
1842
13734
32497
17675
27902
9681
19201
1893
15763
19307
31083
28354
16106
29527
1811
6596
5425
28892
31414
12936
18206
24744
11225
27086
23684
7444
30207
11610
19236
18345
11295
7578
9669
3043
24661
1672
16775
32566
21464
24530
17780
16975
9004
6200
22616
18332
665
12342
24786
25358
7899
26596
2988
1822
30235
1050
3176
21262
15646
28375
19483
22129
9405
14052
31359
11757
5013
12980
13635
23872
10239
19087
14757
2689
5699
11760
21571
32424
14088
30763
814
3921
23055
2130
32321
21949
12577
4186
6577
22298
26438
8058
14052
516
14392
11220
14215
9547
7191
24407
9947
17399
23390
11236
3407
27273
7958
27311
8788
27012
20810
2793
20589
6444
25018
5020
16261
2702
17107
31958
22918
18880
13023
9225
32039
5482
9594
24498
21254
12165
24901
30265
30966
11107
9694
31768
30618
23792
28175
23872
13875
19767
8773
5560
24758
22568
20292
23944
29730
22424
13594
19413
25872
32649
16977
13645
5259
20396
20329
18886
1827
15908
11910
13601
4669
32653
25445
18293
29613
4157
6036
26730
1927
25289
7907
23010
4145
22475
8214
3551
17597
25315
13788
5025
6518
252
7173
24590
30393
25553
15599
30039
20999
30383
13121
11737
23895
8316
5084
11841
16561
26360
5135
17140
4600
22339
24586
11438
32520
22432
13718
8296
24065
18040
5891
32384
6113
2722
10849
1300
8537
30945
6387
430
30169
12974
736
17959
18670
25144
23340
25797
25037
30634
16359
30631
21808
19372
8868
30563
4448
19244
21805
25837
28819
4190
20085
19131
17785
3329
15310
22822
5650
10725
12892
8724
30914
32682
5322
14292
18343
3274
315
13129
7722
3290
23428
25931
21716
21772
18328
14154
28516
23033
10307
32564
12574
17053
30236
19097
19301
11427
693
25870
23180
1507
31764
7631
9450
7978
17511
4264
20524
23609
29171
30229
239
9488
2894
16040
6287
31852
21454
32171
1337
24462
15425
26375
22600
21310
19422
25700
5838
16912
5500
1426
30832
4070
3330
20519
2168
1718
20767
12906
23845
141
15675
7536
22853
29396
22445
2693
11270
16083
28718
28622
778
27507
653
26668
8889
11336
12709
4706
22747
22990
28301
27515
32102
16115
8206
10342
30100
24534
24154
21220
27961
7631
5882
11684
14932
23727
11529
9131
7908
3401
27040
18170
23805
16689
20625
8811
20762
11203
11608
25309
1717
13415
27726
7056
31509
32276
5152
10706
616
2067
29568
31708
785
19462
22298
16119
31555
32040
23498
14563
1231
19670
12556
20600
19258
22607
24500
2446
10259
9144
26847
30747
22915
18019
20777
28315
1830
11344
27680
27573
2329
4340
31737
2843
9557
5946
31106
32178
14139
8904
6232
19699
30063
22147
23386
28049
18922
23637
19805
25947
28747
23086
12834
2149
20078
14408
17285
4450
15168
7344
20214
6485
10194
16386
18221
12905
24236
32627
7706
10780
19811
20501
31515
13987
3182
30551
8562
5002
6453
11467
6902
20892
30315
2349
31496
24066
9886
26272
19913
1199
13580
5690
1931
29179
16569
3779
2181
30605
15806
30906
2250
6271
24804
15257
124
8381
26993
28763
24636
19374
15682
23866
11750
15895
2842
24253
22907
22332
26426
25074
24159
7496
5682
21496
1221
18670
31222
10945
22375
13393
21812
27414
8570
12577
22757
20444
2273
2567
12323
30357
6305
13124
32314
13610
20373
28309
769
31975
1891
26201
22891
28359
18350
1013
1113
1266
22925
1400
15794
30084
12092
5755
15286
12944
29714
28748
24719
11109
22707
17739
2089
13071
28551
31635
26692
12321
11627
31453
14024
31154
25254
4514
2648
1446
16414
13696
10537
19503
15564
8927
14869
1170
28525
8148
3051
7983
12410
26182
26378
8380
6235
31055
7470
17105
11736
27108
19337
32169
22736
20153
790
24359
27949
29535
19242
21271
25111
687
12876
16567
2408
12396
24902
8565
23392
9764
25724
29947
10907
14167
8061
13929
21567
8412
7896
14049
16506
22399
15409
329
18220
10735
18579
11084
19680
14808
12552
14242
11265
4172
20839
28050
15947
20839
26990
18869
6783
21299
26640
27644
23131
7113
272
9972
31945
2745
16591
5193
14423
12716
4707
21130
20967
8264
27624
20523
19367
10068
5403
18384
68
22301
15397
20937
32347
15640
19636
11992
14385
9416
15696
12347
23459
24546
18157
24806
26208
22960
15036
21521
19029
31155
27207
15602
13929
6540
21949
13260
22379
4637
5258
19496
9544
9195
11307
24674
4226
16070
18753
13928
9181
27821
3812
25023
28252
25580
28729
1735
18795
1159
18503
25407
20318
17627
9222
16395
5658
20867
29369
12341
530
25721
4222
16691
17782
6013
24356
104
24486
13755
24892
31213
12525
20648
2931
5264
30316
7213
16415
28445
16980
22023
10519
8925
17497
15470
25544
3933
30307
22516
13189
4976
390
7345
11807
22391
28468
9885
5814
3296
31409
5437
23246
18157
5832
19074
26021
20663
31677
4334
15813
9330
20866
27896
8405
26610
18989
7602
4532
4718
16554
4265
3273
8069
12205
19724
22164
29566
5355
6673
6281
21716
5258
25749
16415
7922
28886
10243
21540
4667
10805
24182
13395
25933
23389
15394
30504
31623
9668
14832
23027
25801
16984
13160
30508
2682
2673
7124
14086
11728
3332
3746
11846
6987
1049
16139
24406
14211
15999
2802
4501
18724
20926
13583
13042
9271
10317
2636
30649
6819
16389
30319
11436
22003
11478
19450
28502
32345
13241
17231
16540
21235
4581
29976
9621
5966
17478
21478
19100
31273
25387
26904
23715
22907
26175
22783
3274
1975
25786
29248
29232
30286
9688
19577
15880
26997
5515
14887
30192
6442
29036
4551
10367
25457
16888
4667
20509
29668
29689
26224
22552
1130
9794
3134
30708
6983
32671
8847
22786
27221
8460
25284
14900
13200
2085
18772
1583
22232
30174
12726
4002
27891
11636
27010
26582
5074
8100
32467
903
20501
22042
19951
8691
10193
13100
4650
10800
23184
22984
32263
29378
23193
20907
7841
10093
27506
15316
3657
16712
2468
11065
14961
17683
32702
30136
16585
15306
19612
4432
10151
6522
16105
20881
30124
1620
27107
6481
27813
15872
22366
21665
27567
31028
6924
20224
15519
5508
11003
14798
20640
28540
8543
30467
12318
8940
19346
31776
8675
9603
10841
24934
19840
28575
18281
28998
23791
10084
1066
19482
24950
524
17850
29714
32718
20349
8757
21873
10117
25633
29492
7929
22945
21746
29075
32419
17030
14804
15992
5780
11034
27176
32144
15949
1318
26526
25756
25634
5888
27466
25645
8941
2663
18683
19883
24579
25262
7368
6812
1383
7709
30443
14627
11326
1684
31187
455
19331
30065
7796
14966
16124
3764
4834
19146
14957
14177
26398
1419
32011
19238
31791
11124
22835
21822
26997
2874
25692
20629
19515
25290
25419
13101
13707
26066
18054
18624
10822
3460
19210
8359
26996
5527
4928
4858
27864
19086
19502
8441
22471
3388
13034
13482
18491
12168
3669
964
15908
3694
28933
6604
3326
3398
22403
19838
2984
22089
30391
9582
30324
1105
20128
28655
14203
6624
21833
4660
2355
26980
19960
21173
10051
21177
8360
8916
405
31216
17849
11201
9645
23375
6631
8859
21050
24728
11897
10200
26859
23439
27066
13798
12932
2486
2989
25362
10545
1371
27389
31402
15642
18388
32307
12638
18231
8458
1323
30956
7782
18484
26313
14077
699
27109
5864
25417
21271
22345
6291
20738
16636
15019
28792
10096
30367
30011
7065
19929
25407
2575
24133
20131
8630
14951
32583
30140
11598
14133
17245
11834
22741
3037
15596
25407
15348
9785
17393
26656
2748
8160
10811
11206
2946
11432
32728
15188
7917
21097
31693
22537
3661
19972
23818
9321
5166
18852
22428
11415
21294
18500
25125
19974
12043
27250
30601
16976
15360
28754
8427
20838
14418
7397
23512
28394
17446
24203
12481
18137
19349
24775
3503
32109
22274
27459
14642
9794
13739
12820
29082
14007
13951
31550
3178
30615
25392
15739
10762
14841
29064
7224
20924
21348
24320
25825
2513
9527
27279
29022
16413
13128
24768
5086
5800
3532
28167
28627
26790
4727
27477
25661
7082
18660
22762
27436
4374
24118
31595
4736
19414
1024
20276
29172
7758
13922
17903
16987
29840
11637
613
31273
3795
32233
1685
4916
16417
11501
2051
23996
1359
15183
24147
1193
2098
27621
16406
10005
25360
18731
16868
11018
14421
11821
19371
11661
29319
22184
30790
13275
16508
14956
4946
498
8651
14340
10557
14931
6016
21145
23967
11015
19732
1812
31694
27616
19868
31875
30125
12801
6464
5054
17604
31904
12015
6730
24982
32523
24145
9341
17710
27625
30205
21219
10492
1475
8685
1761
30943
6339
3630
19096
11139
16827
8668
28684
29933
9832
26190
11142
1876
761
28302
11575
22067
12491
21260
32285
3996
2679
5523
9259
16335
20750
379
20900
21259
30371
23585
9160
27044
29194
31124
13490
12886
32736
2449
1153
16089
29899
12466
32182
1717
1283
16866
6365
3160
9490
11284
25456
22630
26584
28725
28152
16208
32209
13150
25973
9512
14747
16719
23552
13236
15794
4889
1199
14017
14207
11802
26297
4793
19345
28462
19418
2424
5930
5668
28153
16732
27389
9583
10249
17051
9014
27166
11821
24282
16571
16399
4383
14075
10161
26207
4306
21302
10051
30756
598
363
11934
23903
19709
28086
21312
18476
17084
10565
3187
4668
22483
4966
18452
3717
32176
22756
15513
9016
9489
32148
7251
16372
11114
9259
3567
1081
14214
2130
3651
10783
18800
24317
8008
2376
404
4344
26722
17939
25378
962
11240
274
5555
25759
13792
6847
27183
10729
10250
24426
9966
16039
18209
12150
24349
3169
11613
30661
22884
22322
1596
3697
18885
8222
14210
18365
25288
422
7038
22347
469
15002
12432
20879
31457
23343
25064
24963
18253
18513
19856
1692
7178
2362
11181
28413
11010
4932
15106
16876
5043
2043
22197
28290
18205
6519
6486
21158
25311
2281
12573
20028
18333
29555
18803
5785
28324
24893
11700
24122
17105
19141
2356
9398
175
2166
26752
17138
25055
24701
24550
1940
6077
9944
31543
30650
22848
9135
23243
2027
2082
13288
8646
24910
12609
22518
6554
1817
27718
9457
11981
28749
24196
19436
11005
27041
25891
11139
20513
21435
10877
8115
14609
4518
10952
1007
9033
15233
27638
7023
1513
26996
27865
21452
6657
10985
3979
5578
14348
32248
781
6260
11962
23330
28718
27247
30451
10563
28078
9608
26904
11714
32676
143
22412
19723
9757
13160
12915
12095
16134
24927
6329
7465
16204
32188
31318
10613
1857
24215
12241
31260
22082
29166
11011
17955
8599
18677
9502
23429
21146
28077
28142
16750
12315
14008
16478
19113
30468
3436
16445
11356
26169
23078
1346
27891
16834
2785
22350
16218
4396
26631
32754
7791
7468
11142
21809
15543
28806
3623
24967
7247
24621
16156
19754
25382
24236
31191
27791
16234
7876
11811
6192
28736
18775
28269
12685
18104
19077
6242
31088
13056
31252
27584
7030
12760
8981
869
4811
11845
11972
25773
19509
11146
30385
6394
10580
19284
541
1428
18728
1077
12967
30132
14803
7251
9256
2779
30624
15458
17371
1896
23877
11983
25281
10090
26981
7998
18243
31667
32089
28215
538
31534
31024
27932
2668
15986
22772
5727
25911
6550
14127
5617
23539
2119
22702
13822
1651
8217
9605
983
11277
32027
13140
16688
16378
23726
17608
30091
31999
23191
25188
13300
25677
1106
28801
26863
9127
13993
26259
17583
9922
31110
2991
5512
22513
19974
23626
9895
21506
8910
32068
30465
5474
25250
24613
23689
23176
20788
31910
26534
19345
10809
17267
6884
9000
14018
11823
19178
24233
19658
4280
15020
14726
27915
4013
18401
30697
29463
24622
15288
17563
2979
13539
5062
9764
25894
31808
22339
20276
20131
21511
19575
20033
14530
22030
8815
24690
19750
8770
25332
27580
4091
18924
16574
25675
16334
51
5604
8483
26530
13282
9879
25607
22336
30316
31760
6297
30158
21550
27591
3780
8867
499
7910
13399
6234
957
11773
4594
1573
12483
9463
3878
21348
14518
845
16856
16759
3656
3193
19686
24528
23279
31918
4622
1612
24550
30150
15115
18883
26742
14460
24064
7902
12659
32219
16666
7976
27145
1270
369
9320
12729
10458
8496
11823
14238
4801
16630
17837
24309
23688
2172
21448
3292
14179
631
7536
858
27344
28608
23084
28064
16329
21938
6393
398
11326
19411
26453
23161
21186
19639
28311
28972
10885
3618
31617
21804
25474
9325
9240
2881
23289
29995
32691
13617
13344
15628
9555
26319
26902
11521
25650
19508
26648
25248
27295
1357
4343
16331
20232
23190
9929
25996
12121
12068
2527
22084
23173
21481
19960
773
14433
8244
180
18492
25529
29559
13388
7571
10910
1101
8831
32021
26877
8379
31696
17811
29046
17334
14062
7239
30826
9190
29812
4536
13654
8106
19154
3549
11872
10844
3723
18309
25136
7894
27298
19191
17409
6965
23886
21461
15864
18909
27893
32326
11700
15293
10584
4947
3878
14292
19724
29842
18851
9203
4905
27394
21303
27333
5446
23863
7741
782
17828
12471
1324
31792
22953
23203
10420
13299
14480
25498
29706
6533
16992
25306
15232
8640
794
13480
10584
20652
9783
28659
27866
31813
15953
24372
24484
11390
13601
152
5442
15493
30633
20833
2302
8521
12978
26761
24057
31034
13177
9385
25979
18767
16550
28954
24456
2894
32637
26202
10676
29000
14680
18865
20536
610
5461
12308
13636
29916
6732
18505
17047
26955
3332
4172
22862
27433
32422
31218
29689
23184
8049
17100
12020
9027
10672
846
10997
25838
30953
14640
32225
28847
8536
20757
9700
16340
7067
29547
12992
18407
22703
6290
6501
20456
21019
10304
26051
10969
27243
10276
16092
31616
12768
15817
28957
25960
25446
1982
29422
20265
11718
4596
6024
6633
7453
26983
25606
29219
14477
4864
15039
7591
10290
27066
20692
27362
30552
10245
8709
9568
18155
8296
22217
13199
1070
26985
20637
16838
30640
177
20636
7813
16509
10604
27728
11263
3985
2543
17608
2773
14226
19613
13290
25125
25790
18443
25611
26819
4386
29282
1469
5062
2316
9221
6120
3655
5060
28020
30237
24165
5239
1137
8486
23436
14196
3169
30178
23032
32667
15860
18000
12148
18449
12808
2281
30056
3641
21451
4659
11282
6112
15904
3219
8980
18872
2117
8802
19247
16904
17842
3652
21838
2977
15684
1461
17094
32020
7066
12773
19164
6178
9408
10950
14728
32116
10506
10339
11128
18573
16707
24179
19288
26620
5639
13870
29777
17878
13934
23135
24015
21603
16875
18875
13448
21272
26995
25457
17594
24517
3041
8706
6579
10256
29081
30803
13975
20258
27499
1281
19550
23456
22715
4084
4380
16861
22751
1591
7301
24142
11209
26630
28080
29758
1510
23849
32283
1218
23365
25473
1520
4592
26108
19425
21894
8780
27592
31007
26667
6275
1779
5482
5153
13148
30331
12765
31718
18923
14704
1109
9400
6152
31134
14208
22105
12031
2412
311
10256
24201
30980
29454
24304
10747
1716
14633
348
7614
28308
15185
17355
6399
23914
21574
13001
24487
2762
4951
15935
2190
16002
15409
2547
7147
17717
30965
10066
30224
6213
29325
7278
16980
15606
17215
23619
8784
7889
30594
5182
21838
26951
4369
29440
29694
9367
16447
19551
5227
6642
18314
16045
27182
17116
15730
15677
14049
18389
8332
9252
7895
21049
29138
14653
13834
13669
18749
15984
22869
13083
6294
31027
10212
24360
4233
21328
12520
26179
23547
30953
10639
15417
9629
6074
16179
30023
7105
9119
22994
20167
26221
17494
25278
11024
17326
20613
25493
1175
15919
31231
4468
7258
12810
3907
6248
26494
5086
30278
15141
54
11810
17522
6907
7656
18617
6126
15365
22667
28358
5664
6564
15188
18113
13168
24363
27281
12491
10319
6364
24789
7998
14200
28948
1877
23945
10614
19906
11666
14651
8551
25117
9272
16733
12031
2199
32582
4101
16848
30988
17264
21032
25032
12096
706
432
20731
5512
11397
1486
31394
18375
5222
11666
21348
668
29909
14521
3797
4826
28844
25286
20029
22841
22545
9300
11418
13899
13469
7850
19432
29361
24766
26000
18335
30606
11865
7009
12414
27452
24756
4962
30087
1598
32148
28242
24139
13430
14754
25922
31335
22168
1043
13991
10831
14303
30088
27054
9546
3071
9779
23503
8382
2394
12092
19621
31918
29558
23395
23549
6529
10671
19174
11821
15109
3625
3749
10919
7347
22793
32388
2253
6965
11237
20241
7943
5925
31096
10855
10259
29976
5531
20562
29341
24283
369
435
12048
10748
18401
15142
20395
1932
32329
739
11991
24868
15728
19938
28600
1830
9917
16451
19714
5189
18855
19692
18958
10824
32109
30836
31277
27658
775
17216
21052
22726
860
32491
14456
27793
15797
4843
18068
10792
31346
29810
29193
29164
5628
21907
3758
18987
14330
20390
24456
31905
2760
3309
10723
11583
1828
13688
32417
20011
10283
9029
11731
5383
7045
8620
6278
21878
16860
15354
21727
25820
5010
24413
22635
27494
15795
21504
7344
17995
2856
20854
29192
24401
28206
12892
29871
7570
15879
2874
22554
21376
31983
10411
31882
20007
14930
14526
738
27058
25916
9115
21173
20273
8977
22378
18084
16281
32382
2928
29415
4108
687
15995
14889
15195
5827
29825
9369
11466
11645
30596
11582
10259
7484
8120
31114
29357
13357
26344
12083
8781
23743
19222
23614
13486
26199
17506
9565
21646
17990
21037
11898
28665
25848
25469
29076
969
19309
7843
30666
16494
17645
19484
10421
27627
18680
26806
9211
9505
16765
8947
22817
27728
332
18354
20897
5339
32460
25100
24893
1099
9969
4733
12434
25239
23657
24900
22000
8099
30486
4108
28777
29190
22465
11979
31016
13072
25613
30699
16133
15372
32425
14248
16470
10434
20426
17081
22279
9024
29145
16434
27373
7386
22120
19113
7767
6256
30571
11415
10470
27119
10405
15362
21663
3866
7520
6489
20799
1419
30305
21920
20942
16884
27675
17356
10359
11435
26915
31089
21655
18278
10468
17050
14100
24643
11924
3320
24816
30219
10343
3648
12318
12727
4866
10702
11924
6451
12594
22926
26529
24419
11230
7708
10113
30052
28218
14890
22831
16660
4670
15651
30330
7380
29015
8461
15963
1164
11612
32692
9606
5104
17859
8965
13631
14850
3349
29880
19567
17880
4767
4402
30455
12448
21611
425
20292
18657
19822
24969
7715
8964
13315
29462
11479
29458
31896
26451
32106
13247
29863
23843
23872
16040
2537
23471
1522
14809
4550
19463
16473
32402
9487
13836
15848
23883
25583
17549
7231
25333
13855
21680
18174
899
23386
5268
11223
19881
24593
30004
29928
3043
19039
29583
15687
30394
4927
32006
29662
23619
16381
29445
24697
24808
12266
4581
32541
15722
29268
16145
9628
7719
14517
616
10086
1945
14635
12003
27554
25632
5416
32376
10621
7937
6251
9534
16066
28846
25647
8145
21676
16456
23202
16632
18168
15970
24216
17029
317
7432
15233
23933
18048
2303
18840
11641
5891
18511
8798
25420
10335
8703
31047
2790
9170
29472
27827
26745
7898
5389
25375
12506
515
30960
18589
8489
20989
7304
16513
14772
3825
15402
8030
8217
7701
26118
16689
27819
29055
21164
4059
26391
25143
9935
19925
30280
28815
584
31007
18311
24247
93
23161
28903
22924
3396
5334
4832
9137
13539
18702
15674
30433
20186
8659
6956
3971
11203
23526
10950
5759
10168
7818
908
23889
17942
14394
28772
8284
14977
5015
24754
17280
809
30884
29889
15598
30795
28213
10597
8763
29946
20389
26334
2996
32031
27336
30464
16882
1215
14880
9873
27054
15484
3924
5619
8662
1887
16861
32002
18399
32212
13827
26176
22110
8694
20488
9520
4562
10509
10147
3071
30660
32341
4016
9321
9235
25346
17957
28635
8329
20352
24648
29397
21169
31231
18207
3987
31725
9775
22568
29676
32707
8776
32331
7802
25720
5454
22285
16123
16864
659
14342
30199
4724
9853
10389
14244
6821
4233
9170
22022
23152
7824
14020
30298
15667
15690
20181
30133
31679
4624
19586
233
25774
29158
11863
25512
32503
18872
26651
21228
15039
23524
14920
13973
9330
30457
7614
13908
19987
2494
6071
3529
25296
14455
2558
27624
6362
22371
21340
24993
30067
28297
21587
9152
5961
10933
11279
9234
31490
24509
16794
17865
28184
8
27983
12577
9191
11601
22161
2628
8452
18089
22973
3947
28881
6075
2652
25159
22862
3412
9630
159
306
4899
2308
12346
15419
32445
348
25087
29122
11235
1522
20571
20882
11784
13317
23779
19194
15118
7800
28987
31265
13137
17866
26422
32666
27366
19528
15422
30264
6181
14977
5111
31524
2916
26619
19999
31788
5126
23588
13241
16478
14005
15243
32618
24278
6379
5456
17699
6100
17847
9434
32000
17426
12222
23495
13680
20052
5248
18473
12439
27456
9436
10991
28912
880
5846
21153
31031
966
1177
3665
17286
2047
15544
19662
13246
5003
26553
15386
2344
19612
9940
32030
4956
28030
4088
16285
11874
24614
11023
23143
18968
14349
21635
13263
211
32319
10497
3678
329
942
24189
3529
20399
11725
11894
2081
8734
29018
13691
30538
23611
28539
27630
7854
28183
26893
7176
14642
6740
31801
31005
17258
26506
24648
15393
13832
16616
5048
26988
17563
2591
12431
9146
29814
10875
23279
12406
8173
21331
32235
4408
14792
1444
19097
22156
25841
6905
11624
4085
13424
21902
11700
32049
10137
15284
27544
25791
13956
17015
12292
13215
702
2943
17167
19033
62
14900
31886
6976
10907
9254
17125
32248
6780
24747
27677
23606
3919
31690
13623
7111
16702
20567
17344
27092
3934
19808
26022
19300
24106
10952
842
5922
14897
20786
30678
15457
4875
31008
17361
31581
8849
17756
19953
29379
21582
23704
9776
9844
16688
18001
32545
25478
4995
3833
20869
9612
26400
30548
24090
24856
31202
13091
435
22398
16474
31488
3981
22490
12996
30089
9697
4436
26169
15296
12470
23202
17958
31922
3833
4815
508
1111
3535
32571
809
10682
11818
19172
32584
26713
26779
2787
31380
10447
25447
27706
20131
31920
20188
28364
2385
20917
23525
20909
14330
24601
221
5276
29420
22594
161
13006
15643
5028
26601
31470
3095
19683
29912
10337
3132
9015
7377
8654
29992
27925
9357
222
627
7692
32362
18240
25754
17389
25350
25841
15931
24366
22541
29626
392
6800
6479
19450
16886
9728
6166
22181
20021
14523
1206
16525
9829
32438
5733
29408
8839
30013
1357
29938
23857
31450
27360
6973
13958
5752
31852
10151
870
14792
21487
16131
15586
740
15148
22489
17395
16691
11518
1642
3435
16780
237
18927
18987
9630
29951
16162
24471
19087
2512
23551
17479
739
25829
6348
5375
10144
11582
10839
30178
17583
5674
12671
5090
25734
3168
1013
23163
16132
14666
29252
12705
20380
20644
12047
22519
5814
23622
15258
11585
2642
31294
32141
284
31215
16674
25076
14829
27051
16037
12681
26647
10411
17511
31286
6513
9917
30482
12758
247
19772
21410
30268
18111
24373
7940
3702
5167
9415
29667
4434
12398
26064
25279
21794
16664
30662
22591
3261
822
25314
15816
13766
4205
25220
2126
15409
1141
17619
10602
30466
5837
28067
5805
25176
31917
157
23349
15019
10045
30361
26493
23890
12804
8783
4985
4680
5539
26671
1763
9007
29379
11661
31696
25493
2380
17153
3974
3703
12247
19982
5521
7427
24423
30209
8468
31394
10067
22556
14430
14902
7559
1780
26301
12448
7917
6424
8343
6278
29733
2803
11702
9043
11900
30708
3556
7039
20764
28396
3000
31760
6784
26039
29103
8545
555
4126
5502
30498
16026
7676
11687
18336
26487
9376
9547
4166
2063
14195
25151
32612
13830
29658
12642
32560
73
1118
19757
29195
19013
24331
12939
1029
26455
17173
14315
13730
2691
14786
6804
991
24168
7811
30265
20848
22899
29284
23246
30028
8788
32423
29850
4715
6318
2732
31372
7374
22035
10517
22226
12225
15151
24615
15784
6493
23875
12658
9838
16208
26582
17588
23294
16609
18087
14843
4412
31278
11237
26378
17135
19640
18082
1022
14287
20770
15750
2865
30174
22070
16832
20575
3068
20777
20034
4871
27318
8992
26414
4116
16224
22514
28043
22205
1379
16944
23357
25770
16855
6243
31540
19800
7509
30612
29155
28862
20486
28434
10740
1329
5120
31087
31034
30853
4563
1740
4583
27765
31582
31830
5119
21060
18664
19729
21260
27045
19564
4053
9236
9945
3891
13974
18376
17431
11688
19176
17662
560
9577
21441
18273
23667
18842
18561
22119
13262
20862
13617
30852
13623
13640
29704
5790
32586
19758
8244
13248
19252
26304
9687
19730
7375
17528
4943
30217
15886
15250
4026
1243
2460
25629
6841
25398
18624
3923
31093
22321
10372
30758
29920
22659
2582
25115
19774
17906
12910
6747
1763
3855
7473
3848
29758
9761
30422
28877
8470
20063
519
4793
788
6754
27722
31821
4994
11993
21984
25043
13906
7551
4333
30450
4706
27722
23514
20352
16126
7397
6904
17047
27303
18529
21862
1003
24338
9000
31028
26458
1652
32050
10952
709
22013
4731
9089
8735
16802
16308
25499
16835
7456
28472
15187
779
3646
21059
28491
20254
29778
14942
31791
7177
26886
10014
15769
2066
15964
23566
31794
16200
7664
4842
10011
24415
11646
7694
15499
19899
23715
3885
9657
13259
16360
13894
2556
5528
7420
3284
23856
13982
3137
24902
11613
16602
21386
22190
29587
25124
24100
3261
27672
21439
30227
1007
14790
47
8861
4611
22702
15178
20493
31406
9217
16530
9393
144
29489
27586
10021
615
4691
24487
6611
30851
6600
3889
12219
26234
26908
23754
32368
5404
18734
17382
20835
10409
31121
16604
16996
26434
11571
27380
15206
17310
14908
29889
17795
32766
313
1713
18752
32099
20346
10210
9233
2814
16568
10551
14112
18920
25596
18092
21322
30995
10171
29414
9834
15745
20806
271
3547
15027
866
8416
29240
3941
6194
24831
4198
2680
21086
11148
21461
11312
10606
28918
9730
18335
13687
29972
22337
22625
32250
29297
1209
24714
12297
2023
8112
25309
32683
9327
31241
19775
14466
25911
31754
26475
16811
6645
26467
6630
6374
25468
19308
8502
2295
8332
3759
335
8012
7407
12710
19790
9439
14017
11974
5993
7774
28176
7100
7462
6026
4773
28662
972
15837
1056
5221
14615
3695
14411
8321
19504
6938
31656
26766
21212
10972
8268
16670
12020
14718
3824
7128
18453
6771
28230
24951
3480
17155
21641
11542
21701
32681
14168
19626
26435
6329
3524
10960
21971
10821
22696
1481
25407
13122
1337
6082
7052
8167
24029
5209
27511
21334
32065
8030
19488
29822
30629
8406
22272
576
11899
6726
22048
29392
561
24878
9357
25183
22091
25299
29447
5367
7092
21825
17657
20390
21846
31121
14766
19678
19176
21352
30145
20508
24071
31168
16597
7368
13705
25835
11143
21596
13070
24020
20897
32713
26327
29321
3216
18455
30172
5110
10777
8779
9752
16627
31559
29325
1320
25218
20392
27274
23828
15697
12473
10008
27501
7303
29086
20760
3736
6589
26390
17825
23913
9801
23471
2395
23796
14787
5174
2856
18591
18882
30834
31242
8316
28391
13330
12865
29142
23325
25571
1459
3594
1310
9030
25489
9112
11578
3554
9016
28026
8020
2454
30293
27829
22061
27825
17997
24621
25573
21606
220
28349
17342
16250
6140
14215
31012
16704
14600
15497
8170
24775
32545
23410
20951
30802
9425
18611
1377
10504
30958
16600
18872
14061
6849
25625
1030
24849
16744
28716
4597
2568
4729
19550
30067
17561
19432
7138
28082
6330
17707
19049
8562
5309
2971
18163
16002
32452
7710
24804
12932
14970
3075
31578
24818
14085
31533
2750
31326
31030
22900
4249
22782
5635
15688
2473
1639
12600
14743
565
20121
21609
10481
17565
1084
12843
13291
22069
23081
10628
5825
13907
30252
7583
27199
5031
8456
30148
29665
27595
14268
22920
16697
18715
16901
32065
4753
4807
21028
4797
22738
8999
4577
12852
19108
6222
8400
20346
21719
4833
10195
3961
27138
22314
17888
4575
30057
1128
14853
788
29988
22121
28329
2671
32638
9563
18964
26793
14236
6112
26674
23186
30047
15200
8595
5122
9354
30371
951
26387
7976
2719
7817
27533
1832
5518
19241
15010
25419
19524
20462
4828
832
24000
1452
30803
28429
13569
25138
9507
26032
3355
3095
24093
12038
2953
23479
32701
17645
21701
28024
22364
6053
20246
10578
7335
29053
1961
25486
8016
15787
28132
31437
32004
13947
22775
5965
29596
16044
2996
28520
9111
27158
10912
13661
22216
31121
22602
4691
8012
19987
27611
21147
25279
5912
30191
10038
9647
16455
1955
8343
11089
25170
28655
18089
15731
15134
25399
29204
12466
28964
16668
19133
30957
9751
27800
3979
25082
7366
27210
2929
16535
30277
14606
23465
12195
19015
6353
27453
11662
7887
13220
18380
11790
776
23822
13195
29715
20848
23463
6282
18430
23868
28898
16697
24077
3833
4907
31274
282
13423
3634
280
21894
1994
32134
25897
18544
12796
21861
15472
32554
19549
28115
21174
23277
9620
17385
13690
25803
19899
25968
16694
13798
11710
15022
5092
12256
11780
8832
2241
6546
12370
5289
8529
29697
24812
15978
32675
7053
8957
19795
21974
2412
7224
23640
28380
18775
9152
14119
13438
30595
6213
26553
22176
23251
24944
16935
30663
28492
8322
25280
728
29897
21560
21080
3619
22000
29681
17634
28575
31588
17938
9794
26231
24380
30122
26972
32198
29877
11090
19825
3231
14371
11608
3499
30545
31534
19228
12022
5609
16698
6073
24594
25592
16423
14312
8166
23958
22843
18210
7704
11686
7772
6149
2522
4444
14211
21497
17159
5373
15469
15891
8558
3558
22164
7482
18030
30160
16221
4488
11459
2898
28307
22770
27295
23463
3348
18220
23036
6578
32714
29895
6961
26175
7901
27037
9668
28044
27943
18030
23424
32264
25577
12747
20935
31834
9916
3123
17705
22693
13258
12157
27445
26891
25661
15733
5774
19824
20728
16842
24898
16512
28549
11048
20824
31219
31567
24481
11176
1551
32530
28753
26864
13935
4751
12354
291
4100
8324
12941
260
23129
18651
29634
7668
13339
13090
12938
15368
20696
25915
15243
6751
17415
29269
11404
6579
32073
5659
29402
20781
23022
4138
2282
25982
28603
21449
14143
22059
29930
24532
23694
13608
26995
21242
289
31913
25994
4137
14713
30517
12649
1861
7223
28156
2639
30240
20285
4458
14537
13735
28688
20476
23600
26457
23424
3923
3955
5886
6284
31623
19222
9365
27264
24765
10363
2702
20064
17148
27233
21561
26505
10300
28330
22655
8086
18624
28001
3280
32129
6566
10491
1116
30730
26045
29661
28550
18269
26774
12063
12181
31215
8158
9872
21165
20649
18154
28154
3071
9800
12436
9127
31804
26116
29510
15395
24143
21871
6996
15172
27723
13729
22415
32360
4258
32658
21527
31742
14233
16327
14192
7240
21752
21809
30168
3934
29190
5970
28376
17527
22452
10145
2330
26212
10521
29232
16506
349
542
8588
23135
13824
28283
2532
13388
7575
19682
20334
24754
17306
29305
19463
1545
22645
8846
30746
13342
394
11911
23234
9135
27258
21015
17715
5173
31648
8120
23894
15361
23007
4437
15283
32394
5022
4422
8340
23814
7952
3970
1127
21815
3513
30480
1893
8840
6446
6079
1137
5464
27932
22551
19267
29846
21131
17295
17861
7566
8292
18689
3261
22018
5425
15706
12205
1149
32293
30358
13303
17124
20316
4844
3909
32590
4451
16453
8488
7957
18427
6131
28672
22574
13850
25248
11547
13493
9011
22660
17441
29900
1463
12764
31151
17062
14044
7063
23874
27871
5021
25682
4695
6927
12034
30086
13520
12446
31137
27904
23706
20954
613
27282
1165
16198
13454
26121
22675
31541
14073
8542
12045
28056
20642
2865
12658
31253
30311
9586
30777
15449
26127
17506
7674
24238
29322
14778
3536
16080
25978
16425
4353
21756
6643
15108
24545
4427
13439
7738
14835
9022
7270
4742
18770
24474
6700
10728
21839
14454
16218
14421
2140
31634
31618
9390
19753
19178
637
17903
1804
907
26615
8361
10662
1702
5166
6322
29636
6371
30198
27418
20867
19447
5633
1122
10680
9849
28509
1769
6798
32241
12606
5543
26993
14131
19966
14109
10795
24811
31586
25740
24909
23672
2079
6502
9681
2302
10908
30466
1533
9398
11514
20627
13195
22665
6738
13147
15110
8670
20797
16156
19063
3760
8090
25296
19265
32739
19339
20889
21322
26072
11713
17403
12635
11071
16634
22857
6346
16940
19143
11613
12374
1901
403
30348
2130
28700
21473
16346
15366
13680
13525
4969
16978
29400
4598
10552
12692
27211
22066
28170
31436
25305
7715
30371
24574
21895
400
13114
10712
23641
5687
30508
24725
6064
4041
10478
3105
32214
8503
11845
16254
18648
812
26809
29542
30356
17370
22087
29746
3858
17402
10838
26362
9496
1294
29420
10750
17656
11498
7714
5188
17837
25202
29653
22659
12326
26533
22431
3904
12514
5339
26373
11319
18365
6474
18418
25340
10762
9423
15205
16098
2785
24300
18534
29212
15802
20237
4926
8226
26427
6671
13543
10071
12367
14594
9922
11752
12152
3374
5768
30199
31846
30037
13955
15609
8648
18488
24062
10844
24930
22620
3578
4461
32352
25870
11810
2682
490
7333
5633
10035
11768
5127
13939
18006
4712
22383
30553
19084
30798
30829
7569
14478
6027
15662
19750
139
19105
21757
31683
30414
13509
13834
26478
16284
3638
2154
25970
12891
2766
16992
7581
30714
3798
23003
1452
26764
9759
12095
12548
27702
29006
5480
18595
25420
32120
6893
16213
22967
14831
30881
5675
2458
91
18784
17705
28981
25356
28424
7231
9
13710
18629
12411
7996
894
7826
10620
6464
27037
26108
810
9392
1315
17449
6052
5754
27990
28954
1402
32579
27482
24621
17949
14343
25675
20966
2195
8704
10633
13038
9327
7626
9043
27740
14593
32196
2456
2356
19658
30649
7945
21805
306
22976
8819
22712
11902
1632
27212
22077
31740
31736
24204
11432
18560
27486
17598
17188
30484
8647
4694
25126
29676
18919
14661
7598
1432
18521
8907
13514
15997
14144
19596
2651
8838
17711
15335
6939
21783
31558
15235
5343
25411
11934
5930
29466
32318
8424
18907
17571
14869
5200
21018
32440
9372
22184
8331
322
18600
1986
21695
12378
29055
7965
15438
18189
17037
29892
18470
18268
30553
20852
27682
11143
24503
18941
7391
15500
27710
27114
24523
12778
24316
29028
8574
32426
29801
10836
17998
28576
6298
6344
10525
32495
31927
2712
31862
203
8367
19017
16857
3459
9514
31025
19282
19646
31168
21724
31568
1540
15208
27567
14005
6785
22323
1227
15658
19462
17722
16181
23477
30033
28628
11315
11661
6030
6925
26873
24365
24862
24660
31620
10151
4502
4724
30407
27707
24331
7622
10757
16936
16525
14500
24446
17090
16881
30752
28237
26053
17620
7414
9105
21993
21212
11456
18123
29622
25921
11113
15751
31386
17804
2276
4671
31801
27551
5918
25212
9732
31990
7217
30782
1293
20780
21722
4766
15385
8129
31533
8626
24567
15130
9607
31153
28177
31945
4549
16727
4417
18191
12467
8075
10470
16287
1479
27712
17974
10149
12048
26777
5078
29959
10601
16976
23464
4331
9458
26200
7908
24441
32193
26305
29802
29922
11476
30685
8534
7073
17738
18593
8149
4097
20947
14925
2104
5343
9830
15184
4167
17841
31282
18789
5336
18887
24022
24323
24992
19665
25044
20468
11080
24738
323
22851
28611
11315
9413
26716
12512
3051
20921
23919
15643
1821
22962
19733
31417
16083
7719
1334
26900
14794
15468
22826
19507
12733
13792
31006
13981
17894
26729
22714
25967
14019
27421
26881
8877
3862
9026
10616
8662
24111
9593
21642
2747
26477
14134
11051
9872
27395
1139
9148
25412
27640
23974
46
8462
6002
4592
3947
32329
12595
14743
7665
5505
10596
1206
22976
25038
16273
25139
11639
15712
22262
4850
22202
11868
24569
32072
15318
30183
31479
21683
17576
5503
14403
27080
15035
16018
6508
13932
29872
24649
14271
31303
20707
18341
13325
31606
17227
1486
21423
16256
31394
4264
28358
20620
24774
20902
5063
25297
31328
5859
1080
28237
27075
6767
28340
4282
6423
5094
2613
19390
20406
2120
30355
29538
14038
19460
1607
24773
4457
27478
21877
15634
11073
27859
21034
30895
17272
8771
6626
17079
30223
31662
20557
5291
26837
4282
21330
9828
16266
21556
28757
24140
6981
9708
32437
4558
10515
14022
921
10763
993
29454
17133
207
28060
26380
24999
2499
9110
20952
32079
7140
21036
23152
23742
28467
27558
6920
7718
8878
26206
30369
1618
24192
9765
27869
21807
26229
5346
24594
17292
12464
11900
413
3614
21664
1018
22649
12743
26160
31209
5648
15639
4414
17918
11600
23316
2383
28669
24578
31542
8577
23001
13911
15030
8385
4893
5316
29449
9789
31626
25616
4519
12828
30978
32684
7440
9837
17573
24130
2833
21598
4921
10384
19523
27055
7375
12919
12502
21094
18339
2639
2700
25283
31301
4734
12296
23926
22774
22857
17737
10768
29269
8938
28018
20408
7995
23010
18892
2079
6627
22928
27149
32438
4174
18179
4571
4126
13797
27661
30604
7647
6241
18584
24624
19038
15336
20029
15569
12553
17016
31251
11513
28373
8841
16581
2677
3818
12526
232
25177
12188
509
28555
32580
29598
26095
13071
26853
4978
1162
8249
31934
8996
23549
19845
1064
24632
9995
28861
27544
7137
28267
15051
32544
5492
18799
9676
20537
22811
4581
26981
10431
30414
3899
2394
12093
9599
23782
12892
8299
9877
4099
22819
16885
32156
24639
20413
29310
20539
22517
17702
31461
614
20375
25368
1223
25300
14415
32292
23109
31668
31206
3074
21255
23452
26596
21542
4736
27330
4601
3731
31604
8302
29595
25844
31928
11439
18161
2537
6970
27214
32496
23199
23873
11520
11460
16035
31477
16351
21617
14840
30753
10267
29882
25959
2872
32749
17986
16662
30102
32205
30193
5468
12553
31717
24217
21972
5776
5061
1497
15024
25186
8792
24642
1104
14642
18455
8377
7444
4786
14716
5916
3438
11606
29626
25129
30267
28506
10667
30875
1363
22790
32010
19861
6238
27697
22498
5188
490
11524
31302
26305
9403
8192
4163
21556
22882
26946
25619
6719
21010
28934
147
3482
28846
12651
22520
30202
17190
4470
17085
24888
6660
29016
27359
12719
27970
19444
30541
27622
863
4508
2970
1903
3762
8219
28662
18190
13565
31737
30044
23582
13637
12026
27149
22833
8161
28648
12860
14327
21714
30610
22795
30305
15442
10005
11702
3845
28079
25434
16654
20677
14426
18912
22314
22955
17211
8892
8537
14616
13896
13278
21594
32030
8790
22933
28368
12074
6959
2134
17392
998
14308
7097
7805
16989
28005
5828
4086
9825
30542
14700
16398
16937
17156
3929
20572
9023
4353
23530
10324
16026
16492
1913
15734
26630
30957
29152
11205
22733
9919
20027
12923
2448
32007
27632
26875
25462
29284
4333
16391
3209
27591
18737
9011
21340
2437
20366
20121
32241
19114
29613
11471
32731
31377
8530
20758
23456
7345
27873
25044
13153
19130
18722
1861
19645
14561
19009
12909
3058
21623
6681
20561
10821
12481
433
15718
11173
13828
11271
3402
22411
18143
1549
31410
14628
20445
24562
5028
27314
30027
13218
30182
12336
21319
13456
12214
9524
1050
3251
6331
538
24776
27342
14140
15455
12261
17909
1424
1611
13993
31309
11221
29139
24647
8979
485
15037
28539
21984
28038
31749
28258
9003
28897
21632
20623
15
32054
16063
31579
32078
24013
8246
10364
28567
20272
21405
22234
27908
5783
12951
15774
17383
11684
25234
30091
20166
22096
26862
19601
18852
11046
19041
30623
3202
32687
14746
5818
20262
9517
6436
16204
23067
26507
21646
190
18681
22165
21705
5960
16871
12133
5073
16648
18013
31261
5007
26962
303
12252
15359
7752
13767
31978
25742
1194
13489
29494
3270
15855
31070
16643
2092
29844
21793
16350
8553
692
19326
28627
30889
26329
932
13024
8513
31506
29496
23722
17044
8773
9812
27247
16439
24519
18640
30524
11603
3370
21696
16480
3915
8790
2621
20000
13215
17371
5225
5292
7441
2950
32685
8530
19462
16179
25925
10226
26158
27105
28671
1202
359
2828
7743
1522
5599
20535
25927
4739
23417
3272
6581
19
5747
25624
16717
11756
5957
22987
12793
14303
29132
15453
8718
21882
12199
7678
3537
14722
482
20384
5690
1437
13777
4686
15608
9806
28991
29375
8628
11046
31177
811
9370
28473
2948
26461
4630
9680
742
26378
15323
8029
24035
31329
9002
23220
22614
1251
6225
13943
10147
12917
29554
22226
6554
10931
19077
4969
6815
3720
18592
399
26376
29691
2678
28345
27591
21580
9247
24370
6729
8256
13335
25872
13214
28345
10120
25446
20185
31113
5068
4539
7866
23688
18733
21435
14986
19173
752
14637
28231
11961
22675
14885
22017
26338
21586
891
18564
5902
21232
26491
21815
15894
4275
18142
22852
1678
1969
1530
28665
1434
842
25141
17007
23554
3318
15295
31337
28041
5697
10113
23678
8827
1043
23888
19835
26502
32565
22119
18179
24522
11793
12308
32632
32051
15289
9905
18719
29447
20523
15574
27774
14011
24020
25293
521
